Year,Month,Day,Prec,Tmax,Tmin
1951,1,1,0,27.6,15.9
1951,1,2,0.3,28.5,15.9
1951,1,3,11.5,25.4,17.2
1951,1,4,5.4,25.6,15.8
1951,1,5,0,26.2,16.2
1951,1,6,2,24.9,14.3
1951,1,7,0.6,22.7,15.3
1951,1,8,0,25.4,15
1951,1,9,0,26.5,15.5
1951,1,10,0,26.2,15.7
1951,1,11,0,26.7,14
1951,1,12,0,26.7,15
1951,1,13,2.9,29.6,16.4
1951,1,14,0.3,25.5,16.6
1951,1,15,0,22.6,14.3
1951,1,16,0,21.5,16.8
1951,1,17,0,23.6,15.2
1951,1,18,0,22.5,15.7
1951,1,19,0,25.6,16.2
1951,1,20,5.8,28,14.4
1951,1,21,0.3,23.8,16.2
1951,1,22,0.3,25.3,15.8
1951,1,23,0,27.6,15.2
1951,1,24,0.6,22.8,16.2
1951,1,25,0,25,16.4
1951,1,26,0,26.3,15.5
1951,1,27,7.2,25.6,16.6
1951,1,28,0,28.5,15
1951,1,29,0,26,16.1
1951,1,30,6,27.7,15.9
1951,1,31,5.2,27,18.6
1951,2,1,18.4,27.7,14.8
1951,2,2,2.3,22.6,15.3
1951,2,3,4.3,23.3,13.9
1951,2,4,0,25.9,11.9
1951,2,5,0,27.5,12.1
1951,2,6,0,28.7,12.3
1951,2,7,0,25.5,13.8
1951,2,8,0,28.8,15.2
1951,2,9,10,27,14.6
1951,2,10,5.7,22.6,17.7
1951,2,11,0,24.2,14.3
1951,2,12,0.3,22.8,15
1951,2,13,0,31.2,14.3
1951,2,14,1.2,26.8,15.3
1951,2,15,13.9,23.6,17.9
1951,2,16,4.3,23.6,17.5
1951,2,17,0,26.4,16.8
1951,2,18,0,23.4,15.6
1951,2,19,0,26,15.7
1951,2,20,0,25.5,15.7
1951,2,21,0,32.5,15.9
1951,2,22,0,26.3,16
1951,2,23,0,27.1,15
1951,2,24,0,26.4,15.3
1951,2,25,0,26.2,15.3
1951,2,26,0,27,12.5
1951,2,27,0,28.9,13.4
1951,2,28,0,28.8,13.2
1951,3,1,0,29.7,14.6
1951,3,2,0,28.2,16.1
1951,3,3,0,31.7,16.6
1951,3,4,0,29.6,16.8
1951,3,5,0,30.4,15.2
1951,3,6,0,28.9,15
1951,3,7,0,29.1,14.4
1951,3,8,0,31.2,11.6
1951,3,9,0,29.5,13.5
1951,3,10,0,28.5,13
1951,3,11,0,29.7,15.3
1951,3,12,12.7,30.4,13.9
1951,3,13,6.5,20.2,15.2
1951,3,14,0,24.4,15.3
1951,3,15,0,27.7,16.2
1951,3,16,0,29.2,16.4
1951,3,17,0,30.6,16.1
1951,3,18,0,29.6,17.7
1951,3,19,0.9,31,18.6
1951,3,20,0.3,28.4,18.8
1951,3,21,1.2,29.4,16.6
1951,3,22,0,27.7,17.3
1951,3,23,0,28.1,16.1
1951,3,24,0,31.3,14.9
1951,3,25,0,27.2,17.3
1951,3,26,0,24.6,15.2
1951,3,27,0,24.5,14.6
1951,3,28,5.2,27.8,16.8
1951,3,29,4.1,28.1,15.9
1951,3,30,0,28.5,16.1
1951,3,31,0,30.2,15.5
1951,4,1,18,26.7,15.9
1951,4,2,0,31.1,16.9
1951,4,3,0,28.1,16.8
1951,4,4,0,29.1,16.9
1951,4,5,0,29.2,18.7
1951,4,6,0,31.8,17.1
1951,4,7,0,31.2,18
1951,4,8,0,31.3,18.6
1951,4,9,0,29.4,18.4
1951,4,10,0,35.1,16.6
1951,4,11,4.1,29.6,20.7
1951,4,12,1.8,33.9,19.5
1951,4,13,1.2,27.1,19.5
1951,4,14,0,32.5,17.8
1951,4,15,0,31.3,17.1
1951,4,16,0,31.5,15.8
1951,4,17,0,28,20.4
1951,4,18,0,29.5,17.5
1951,4,19,0,31.1,18.6
1951,4,20,0,32.3,18.1
1951,4,21,0,31.1,16.6
1951,4,22,0,33.9,16.6
1951,4,23,0,32.2,19.1
1951,4,24,0,30.4,17.7
1951,4,25,0,29.7,15.5
1951,4,26,0,28.9,17.5
1951,4,27,0,31.5,16.6
1951,4,28,0,32.2,18.2
1951,4,29,0,32.3,18
1951,4,30,6.3,32.7,17.1
1951,5,1,1.2,32,17.3
1951,5,2,7.9,34.6,18.6
1951,5,3,0,30,19.5
1951,5,4,12.9,31.5,18
1951,5,5,19.1,31.9,17.5
1951,5,6,11.3,32.3,17.3
1951,5,7,5.7,29.8,18
1951,5,8,10.3,32.5,16.9
1951,5,9,6.2,28.9,18
1951,5,10,7.7,28.9,15.9
1951,5,11,0,31.3,16.2
1951,5,12,25,33.1,17.6
1951,5,13,21,31.8,18.8
1951,5,14,4.1,31.6,17.9
1951,5,15,0,30.6,17.7
1951,5,16,10.3,30.3,17.3
1951,5,17,15.7,31.5,18.4
1951,5,18,0,31.7,16.6
1951,5,19,0,28.1,17.7
1951,5,20,0,31.2,16.6
1951,5,21,0,28.5,19.8
1951,5,22,22.3,32.5,16.6
1951,5,23,0,33.7,18.4
1951,5,24,10,30.6,17.3
1951,5,25,5.3,33.3,17.3
1951,5,26,6.5,28.8,16.2
1951,5,27,19.1,31.2,15.7
1951,5,28,13.1,28.9,18.4
1951,5,29,16.3,32.2,18.2
1951,5,30,21.1,33,17.9
1951,5,31,0.3,33,15.2
1951,6,1,13.4,30.3,15.9
1951,6,2,15.3,29.3,18
1951,6,3,19.7,30.3,15.9
1951,6,4,30.6,31.3,18
1951,6,5,26.3,30.2,17
1951,6,6,8.3,30.8,16.6
1951,6,7,4.1,30.3,17.8
1951,6,8,2.9,31.3,16.9
1951,6,9,1.8,31.2,18
1951,6,10,0,29.5,16.4
1951,6,11,7.7,30.9,15.9
1951,6,12,0,32,16.1
1951,6,13,0,31.6,18
1951,6,14,0,32,17.9
1951,6,15,0,29.5,17.7
1951,6,16,0,30.2,16.4
1951,6,17,5.2,31.2,17.3
1951,6,18,0,31.8,18.9
1951,6,19,1.8,31.4,18.2
1951,6,20,0,30.2,20.8
1951,6,21,0.6,30.2,18.4
1951,6,22,41.2,29.9,16.9
1951,6,23,47.2,30.6,17.3
1951,6,24,26.3,29.1,16.4
1951,6,25,14.6,28.7,17.8
1951,6,26,3.5,28.5,18.8
1951,6,27,18.9,29.7,17.8
1951,6,28,0,30.2,19.3
1951,6,29,7,30.3,17.9
1951,6,30,2.3,31,19.8
1951,7,1,0,30.6,16.9
1951,7,2,14.8,29.7,17.6
1951,7,3,11.5,29.1,17.7
1951,7,4,4.1,30.1,17.7
1951,7,5,30,30.2,17.5
1951,7,6,7.6,30.8,18
1951,7,7,4.4,31,17.7
1951,7,8,11.4,31.2,16.8
1951,7,9,0.9,31.4,17.7
1951,7,10,15.5,30.2,17.7
1951,7,11,5,30.5,17
1951,7,12,8.1,30.2,18.4
1951,7,13,37.7,29.4,16.6
1951,7,14,2.1,30.2,15.9
1951,7,15,11.9,30.8,16.4
1951,7,16,28.6,30.3,17.5
1951,7,17,19.1,30.1,17.1
1951,7,18,9.3,29.3,17.3
1951,7,19,12.3,29.8,18
1951,7,20,15.2,30.5,19.8
1951,7,21,7.9,27.2,16.2
1951,7,22,1.8,31.2,18.4
1951,7,23,7.6,30.4,18.2
1951,7,24,0.9,29.8,19.1
1951,7,25,10.4,29.8,19.8
1951,7,26,13,30.6,18.4
1951,7,27,0.6,28.9,18.2
1951,7,28,9.3,29.5,18.6
1951,7,29,11.2,31.1,16.4
1951,7,30,0,30.6,19.1
1951,7,31,0,30.4,20.7
1951,8,1,8.2,32.5,18.4
1951,8,2,8.2,31.1,18.4
1951,8,3,8.2,29.5,17.5
1951,8,4,13.4,29.7,20.2
1951,8,5,2.9,31,18.6
1951,8,6,2.9,30.6,19.1
1951,8,7,0,30.4,18.9
1951,8,8,0,33,18.4
1951,8,9,0,31.5,19.8
1951,8,10,1.2,31.9,17.3
1951,8,11,4.1,32.4,20.2
1951,8,12,5.8,31.2,18.6
1951,8,13,24.2,30.9,19.1
1951,8,14,13.8,29.6,19.1
1951,8,15,10.2,30.6,20.6
1951,8,16,0,30.6,18
1951,8,17,3.8,30.9,18.8
1951,8,18,0,32.3,18.8
1951,8,19,0,31.1,17.7
1951,8,20,10.5,31.6,18.6
1951,8,21,0,31,18.9
1951,8,22,0,30.8,18
1951,8,23,7.9,31.1,19.5
1951,8,24,1.8,30.3,20.4
1951,8,25,4.1,30.5,18.9
1951,8,26,7,30.3,18.2
1951,8,27,7.6,31.2,18
1951,8,28,7.7,31.3,21.8
1951,8,29,16.2,30.8,20.2
1951,8,30,39.4,28.6,21.5
1951,8,31,42.4,31.8,22.5
1951,9,1,35.9,31.2,19.8
1951,9,2,6.8,31.8,18.8
1951,9,3,2.3,30.7,19.7
1951,9,4,7.6,30.5,19.8
1951,9,5,14.5,30.4,21.1
1951,9,6,10.2,30.1,20
1951,9,7,40.5,30.6,20
1951,9,8,15.2,30.9,19.1
1951,9,9,20.1,32.6,18.9
1951,9,10,25.7,29.4,19.5
1951,9,11,34.5,30.2,20
1951,9,12,0,32,18.8
1951,9,13,22.2,31.5,17.7
1951,9,14,10.3,30.1,17.7
1951,9,15,21.6,31.2,16.6
1951,9,16,16.3,28.1,19.1
1951,9,17,5.2,31.5,20.2
1951,9,18,8.5,29.8,17.3
1951,9,19,9.1,30,18.9
1951,9,20,0,31.7,18.6
1951,9,21,1.5,30.6,18.8
1951,9,22,2.3,29.5,18.4
1951,9,23,10.4,27.2,16.6
1951,9,24,1.2,30.9,18.8
1951,9,25,0,32.6,20
1951,9,26,15,30.3,17.3
1951,9,27,8.2,29.4,21.1
1951,9,28,1.8,32.4,18.4
1951,9,29,0,30.6,18
1951,9,30,0,28.2,19.1
1951,10,1,6.2,29.8,19.1
1951,10,2,24.9,32.4,18.4
1951,10,3,34.3,32.4,19.8
1951,10,4,21.3,31.2,17
1951,10,5,20.3,30.3,19.7
1951,10,6,0,30.6,20.2
1951,10,7,35,29.2,19.9
1951,10,8,6.1,29.8,19.1
1951,10,9,7.6,32,17.7
1951,10,10,9.9,30.6,17
1951,10,11,0,29.3,17.3
1951,10,12,0,29.4,17.5
1951,10,13,10.3,32,19.5
1951,10,14,0,30,17.3
1951,10,15,0,28.9,16.6
1951,10,16,7.7,32.8,18.8
1951,10,17,1.8,29.8,16.2
1951,10,18,13.8,31.1,17.7
1951,10,19,1.8,28.7,16.6
1951,10,20,5.2,30.4,17.7
1951,10,21,0,34.3,18
1951,10,22,0,32,18.4
1951,10,23,0,30.6,18.4
1951,10,24,0,31.7,19.7
1951,10,25,7.6,29.9,18.4
1951,10,26,8.5,30.3,17.3
1951,10,27,8.5,32,17.3
1951,10,28,0,30.4,16.8
1951,10,29,1.2,29.8,19.5
1951,10,30,0,30.8,18.8
1951,10,31,0,32,18
1951,11,1,17.3,31.7,15.5
1951,11,2,12.8,30.6,16.2
1951,11,3,0,31.2,17
1951,11,4,0,31.6,17.9
1951,11,5,0,32.5,17.3
1951,11,6,20.4,30.9,14.6
1951,11,7,18.3,31.3,18.9
1951,11,8,1.8,27.3,18
1951,11,9,0,26.5,17.5
1951,11,10,0,27.6,16.6
1951,11,11,0,24.5,17.9
1951,11,12,10.8,28,17.7
1951,11,13,9.8,29.7,17
1951,11,14,0,30.7,16.6
1951,11,15,2.6,34,17
1951,11,16,4.7,33.6,16.2
1951,11,17,5.6,27,17
1951,11,18,3.8,25.9,14.6
1951,11,19,0.6,23.3,15.9
1951,11,20,0,27,14.1
1951,11,21,0,28.2,14.1
1951,11,22,2.6,29.9,15.3
1951,11,23,16.7,24.8,17.7
1951,11,24,10.7,25.7,17.7
1951,11,25,0,28.4,16.2
1951,11,26,0,29.2,16.2
1951,11,27,10.5,27.9,16.6
1951,11,28,1.8,30,17
1951,11,29,0,26.4,17
1951,11,30,0.6,26.3,17.7
1951,12,1,0.6,26.8,16.6
1951,12,2,0,28.5,18
1951,12,3,0,29.4,16.2
1951,12,4,0,29,15.2
1951,12,5,0,23.4,16
1951,12,6,0,27.3,16.2
1951,12,7,0,26.7,16.2
1951,12,8,0,27.1,15.5
1951,12,9,7,28.2,16.4
1951,12,10,5.8,27.5,18.6
1951,12,11,0.6,26.9,18.6
1951,12,12,0,26.5,15.7
1951,12,13,0,28,17.3
1951,12,14,0,27.3,16.8
1951,12,15,1.8,30.1,17
1951,12,16,11.3,27.3,17
1951,12,17,0,26.7,16.2
1951,12,18,0,25.7,15.2
1951,12,19,0,25.1,13.9
1951,12,20,0,21.1,13
1951,12,21,0,29.6,18.2
1951,12,22,0,28.8,15.7
1951,12,23,1.2,25.9,16.2
1951,12,24,1.8,27.3,14.7
1951,12,25,0,27.1,15.7
1951,12,26,1.2,26,14.1
1951,12,27,18.7,26.7,17.3
1951,12,28,0,25.9,17
1951,12,29,0,27.5,18
1951,12,30,0,28.5,15.5
1951,12,31,0,23.7,15.4
1952,1,1,0,27.7,16.2
1952,1,2,5.4,27.7,12.3
1952,1,3,0.6,27.1,13.4
1952,1,4,0.9,24,15
1952,1,5,0,25.7,16.4
1952,1,6,0.3,27.1,15
1952,1,7,0,25.3,13.4
1952,1,8,0,25.3,15.7
1952,1,9,0,27.3,13.9
1952,1,10,1.8,26.2,13.5
1952,1,11,1.8,23.6,13.4
1952,1,12,0,23.1,13.5
1952,1,13,2.9,20.8,15.5
1952,1,14,1.2,22.8,13.7
1952,1,15,0.9,25.7,14.3
1952,1,16,0,27.3,15.7
1952,1,17,10.6,25.3,14.3
1952,1,18,0,25.7,15.7
1952,1,19,0,24.4,15.5
1952,1,20,5.4,25.6,14.6
1952,1,21,0,27.7,15.9
1952,1,22,0,30.3,12.3
1952,1,23,0.9,29.1,15
1952,1,24,6.5,25.8,15.7
1952,1,25,0,26.1,15.9
1952,1,26,0,25.3,16.2
1952,1,27,0,27,14.4
1952,1,28,17.3,29.4,12.3
1952,1,29,9.2,23.3,13
1952,1,30,0,20.7,11.6
1952,1,31,2.6,22.1,11.6
1952,2,1,0,25.9,13.4
1952,2,2,0,28.6,14.1
1952,2,3,0,29.7,12.6
1952,2,4,0,28.6,14.8
1952,2,5,5.4,25.9,13.7
1952,2,6,12.5,29.7,13.4
1952,2,7,7.6,24.8,13.4
1952,2,8,6.5,24.7,13.9
1952,2,9,5.9,23.9,15.3
1952,2,10,0,27.7,17.2
1952,2,11,0,30.1,14.2
1952,2,12,0,30.5,12.5
1952,2,13,0,26.5,14.3
1952,2,14,0,30.8,17.7
1952,2,15,0,33.1,15.5
1952,2,16,1.8,28.3,16.4
1952,2,17,12.9,28,16.4
1952,2,18,0,29.7,13.9
1952,2,19,0,29.9,17
1952,2,20,5.4,29.3,19.3
1952,2,21,0,29,17
1952,2,22,0,30.1,12.5
1952,2,23,0.9,29,13.7
1952,2,24,1.1,26.4,15.3
1952,2,25,5.4,27.4,13.5
1952,2,26,0,27.1,14.3
1952,2,27,0,26.3,14.6
1952,2,28,0,28.2,12.6
1952,2,29,0,27.3,12.6
1952,3,1,0,29.6,15.2
1952,3,2,0,27.9,17.3
1952,3,3,0,29.6,16.6
1952,3,4,0.6,33.6,18.7
1952,3,5,0,28.8,17.3
1952,3,6,0,29.2,18
1952,3,7,0,28.8,19.5
1952,3,8,0,32.3,15.9
1952,3,9,0,30.5,20.9
1952,3,10,0,34,16.6
1952,3,11,0,33.1,16.2
1952,3,12,0,31.4,16.6
1952,3,13,0,34.4,19.5
1952,3,14,0,32.3,18
1952,3,15,0,39.2,20.9
1952,3,16,0,39.2,18
1952,3,17,0,31.8,16.6
1952,3,18,5.2,26.1,19.5
1952,3,19,0,30.9,15.2
1952,3,20,0,34.9,18
1952,3,21,0,34.9,20.2
1952,3,22,0,33.1,20.9
1952,3,23,0,34,18.7
1952,3,24,0,32.3,20.9
1952,3,25,0,35.7,21.6
1952,3,26,0,31.4,15.9
1952,3,27,30,33.1,17.3
1952,3,28,0,31.8,18.7
1952,3,29,0,33.1,18
1952,3,30,0,30.5,18.7
1952,3,31,25.4,32.7,17.3
1952,4,1,0,32.8,15.3
1952,4,2,0,32.6,14.6
1952,4,3,0,33.2,14.4
1952,4,4,0,32,15.3
1952,4,5,5.8,32.6,14.1
1952,4,6,0,32.1,13.5
1952,4,7,0,33.6,15.3
1952,4,8,0,32.8,15.2
1952,4,9,0,29.9,17
1952,4,10,1.2,30.2,16.2
1952,4,11,0,29.4,15.5
1952,4,12,0,30.3,15.7
1952,4,13,0,29.5,15.3
1952,4,14,7,31.2,16.1
1952,4,15,0,29.5,14.4
1952,4,16,4.7,30,15.9
1952,4,17,0,30.7,16.2
1952,4,18,0,30.6,15.9
1952,4,19,0,32.2,17.5
1952,4,20,0,30.4,17
1952,4,21,5.8,30.9,17.3
1952,4,22,0,30.5,17.7
1952,4,23,0,32.2,19.3
1952,4,24,0,32.6,18
1952,4,25,0,32.3,15.3
1952,4,26,0,31.3,14.8
1952,4,27,0,32.4,16.1
1952,4,28,13.1,33.1,16.4
1952,4,29,14.2,32.2,15
1952,4,30,0,31.9,15
1952,5,1,10.4,32.3,18.7
1952,5,2,9.2,29.6,16.6
1952,5,3,0,33.1,17
1952,5,4,0,33.1,15.2
1952,5,5,49.7,35.7,16.6
1952,5,6,6.9,34,14.5
1952,5,7,6.4,34,15.9
1952,5,8,0,34,15.2
1952,5,9,0,33.1,18.7
1952,5,10,84.3,34,18.7
1952,5,11,0,32.7,18.7
1952,5,12,0,28.8,18
1952,5,13,0,29.6,15.5
1952,5,14,0,31.4,16.6
1952,5,15,0,32.3,18
1952,5,16,0,33.1,15.9
1952,5,17,0,34,15.2
1952,5,18,0,31.8,18
1952,5,19,0,34.4,15.5
1952,5,20,0,31.8,14.5
1952,5,21,13.3,33.1,15.2
1952,5,22,0,34,15.2
1952,5,23,0,33.1,16.6
1952,5,24,0,33.1,18
1952,5,25,4.6,35.3,18
1952,5,26,0,31.4,15.2
1952,5,27,0,34,16.6
1952,5,28,0,34,16.6
1952,5,29,0,34.9,15.2
1952,5,30,0,34.9,14.8
1952,5,31,13.9,34,15.2
1952,6,1,8.1,34,15.2
1952,6,2,13.9,34.9,14.5
1952,6,3,0,31.4,14.5
1952,6,4,9.2,33.1,16.6
1952,6,5,23.1,35.3,18.7
1952,6,6,0,32.3,15.2
1952,6,7,6.9,35.3,18.7
1952,6,8,0,33.1,14.5
1952,6,9,0,34,15.2
1952,6,10,12.7,31.8,18.7
1952,6,11,10.4,32.3,15.2
1952,6,12,21.9,31.4,18.7
1952,6,13,13.9,32.3,18.7
1952,6,14,31.2,34,16.6
1952,6,15,2.9,33.1,15.2
1952,6,16,14.2,32.3,18.7
1952,6,17,13.3,33.1,13.7
1952,6,18,11.6,34,15.2
1952,6,19,27.7,31.4,15.2
1952,6,20,0,33.1,14.5
1952,6,21,0,30.9,16.6
1952,6,22,0,32.3,15.2
1952,6,23,8.1,33.6,17.3
1952,6,24,0,31.4,15.2
1952,6,25,9.2,30.5,14.5
1952,6,26,97,32.3,15.2
1952,6,27,0,28.8,14.5
1952,6,28,16.2,31.4,16.6
1952,6,29,9.2,34.9,18.7
1952,6,30,0,33.1,15.2
1952,7,1,4.6,31.4,18.7
1952,7,2,1.2,32.3,15.9
1952,7,3,11.6,32.3,15.2
1952,7,4,4.6,30.5,16.6
1952,7,5,0,34,16.6
1952,7,6,9.2,33.6,18
1952,7,7,0,32.3,19.5
1952,7,8,0,32.3,18
1952,7,9,0,31.4,16.6
1952,7,10,0,30.5,18.7
1952,7,11,5.2,32.3,18.7
1952,7,12,0,30.5,18
1952,7,13,25.4,32.3,18.7
1952,7,14,35.8,32.3,16.6
1952,7,15,27.7,30.5,16.6
1952,7,16,40.4,34.9,15.2
1952,7,17,0,32.3,15.2
1952,7,18,0,29.6,16.6
1952,7,19,4,31.8,18.7
1952,7,20,8.1,31.8,15.2
1952,7,21,34.7,33.1,18.7
1952,7,22,40.4,31.8,16.6
1952,7,23,0,33.1,15.5
1952,7,24,19.6,31.4,15.2
1952,7,25,4.6,31.4,16.6
1952,7,26,5.8,31.8,15.2
1952,7,27,16.2,28.8,18
1952,7,28,0,31.8,15.9
1952,7,29,3.5,32.3,17.3
1952,7,30,1.7,31.4,16.6
1952,7,31,15.6,31.8,15.9
1952,8,1,18.5,27.9,16.2
1952,8,2,0,29.6,16.6
1952,8,3,18.5,30.5,14.5
1952,8,4,4.6,30.5,16.6
1952,8,5,23.1,31.4,18
1952,8,6,0,32.7,16.2
1952,8,7,0,30.5,18
1952,8,8,0,31.8,15.9
1952,8,9,46.2,30.5,18
1952,8,10,11.6,30.5,16.6
1952,8,11,0,33.1,16.6
1952,8,12,24.3,32.3,16.6
1952,8,13,0,33.1,14.5
1952,8,14,3.5,31.8,16.6
1952,8,15,0,31.4,18
1952,8,16,41.6,32.3,16.6
1952,8,17,27.7,31.4,15.2
1952,8,18,0,34,15.2
1952,8,19,0,32.3,16.6
1952,8,20,0,30.9,15.2
1952,8,21,0,31.4,18.7
1952,8,22,0,29.2,16.6
1952,8,23,16.2,34,16.6
1952,8,24,0,32.3,18.7
1952,8,25,0,32.3,16.6
1952,8,26,0,31.4,15.2
1952,8,27,0,34.9,18
1952,8,28,0,33.1,18.7
1952,8,29,5.8,32.7,16.6
1952,8,30,0,34,16.6
1952,8,31,0,33.1,18.7
1952,9,1,0,32.5,16.2
1952,9,2,0,32,18
1952,9,3,18,33.1,17
1952,9,4,7.6,31.8,18
1952,9,5,0,29.6,18
1952,9,6,6.4,32.8,17.7
1952,9,7,0,33,18.2
1952,9,8,30.1,31.8,17.7
1952,9,9,3.5,33.1,18.2
1952,9,10,10.4,32.8,17.3
1952,9,11,9.8,32,18.4
1952,9,12,17.8,32.9,16.6
1952,9,13,11.3,31.6,15.7
1952,9,14,7.7,32.9,17.7
1952,9,15,10.8,32.5,18.4
1952,9,16,12.9,33.3,17.7
1952,9,17,20.3,32,18
1952,9,18,21.5,33.3,18
1952,9,19,29.9,31.2,17.5
1952,9,20,15.3,32.6,15.5
1952,9,21,25.3,32.9,18
1952,9,22,11.3,33.5,18
1952,9,23,15.2,31.9,18.4
1952,9,24,5.2,31.3,17.1
1952,9,25,33,32.1,19.8
1952,9,26,42.8,30.9,21.3
1952,9,27,40.5,31.4,19.1
1952,9,28,4.7,32,18.8
1952,9,29,33.7,32.3,17.9
1952,9,30,24.2,32.9,18.9
1952,10,1,29.7,32,18.8
1952,10,2,35.6,32.1,17.7
1952,10,3,11.7,30.1,18.8
1952,10,4,53.3,33.2,19.1
1952,10,5,17.9,31.6,17.7
1952,10,6,46,31.1,16.2
1952,10,7,69.4,28.6,17.3
1952,10,8,24.5,29.2,14.8
1952,10,9,32.6,30.9,16.6
1952,10,10,17.5,30.6,16.6
1952,10,11,5.8,29.6,16.6
1952,10,12,6.1,30.5,16.2
1952,10,13,23.4,31.3,15.5
1952,10,14,18,32.1,16.8
1952,10,15,19.4,29.9,17.7
1952,10,16,13.2,30.1,16.2
1952,10,17,3.5,32.7,16.9
1952,10,18,19.9,31.1,18
1952,10,19,4.1,32,17.3
1952,10,20,5.8,31.6,19.5
1952,10,21,0,32.8,16.9
1952,10,22,5.8,33.2,17.7
1952,10,23,0,32.1,16.9
1952,10,24,0,27.2,18.2
1952,10,25,0,25,17.3
1952,10,26,0,31.5,15.9
1952,10,27,0,31.2,16.2
1952,10,28,0,32.6,17.7
1952,10,29,0,30.7,17.7
1952,10,30,2.6,32.3,17.3
1952,10,31,0,31.1,18
1952,11,1,2.6,29.6,16.8
1952,11,2,0,31.1,16.9
1952,11,3,0,32.9,15.5
1952,11,4,0,32.9,16.9
1952,11,5,17.9,32,17.7
1952,11,6,0,32.6,17.1
1952,11,7,0,34.1,18.9
1952,11,8,0,33.2,18.8
1952,11,9,0,31.7,17.7
1952,11,10,0,27.8,17.3
1952,11,11,0,31.5,16.2
1952,11,12,7.7,31.7,17.7
1952,11,13,0,34.2,18.4
1952,11,14,0,31.8,18
1952,11,15,0,32.9,18
1952,11,16,0,32.6,18
1952,11,17,0,31.2,16.2
1952,11,18,0,33.5,18
1952,11,19,0,32.4,17.3
1952,11,20,0,31.4,17.1
1952,11,21,0,31.1,19.1
1952,11,22,0,32,16.6
1952,11,23,0,31.2,18
1952,11,24,8.9,32,16.2
1952,11,25,0,31.7,17.7
1952,11,26,0,28.1,16.6
1952,11,27,0,32,17.7
1952,11,28,0,32.5,18
1952,11,29,4.7,31.5,17.3
1952,11,30,0,31.1,15.9
1952,12,1,0,33.7,18
1952,12,2,0,30.4,17.7
1952,12,3,0,32,15.2
1952,12,4,54.3,30.5,18
1952,12,5,8.8,31.5,17.3
1952,12,6,4.4,31.9,17.3
1952,12,7,0,32,18
1952,12,8,0,32.8,16.6
1952,12,9,0,31.9,18.8
1952,12,10,0,31.1,17
1952,12,11,0,31.8,15.5
1952,12,12,0,31.8,15.9
1952,12,13,0,33.2,16.6
1952,12,14,0,30.7,16.9
1952,12,15,0,33.3,17.1
1952,12,16,0,31.7,16.6
1952,12,17,0.3,32.4,17.7
1952,12,18,0,34.3,16.2
1952,12,19,0,31.2,16.6
1952,12,20,0,32.4,18
1952,12,21,0,31.9,17
1952,12,22,0,33.5,16.9
1952,12,23,0,31.6,15.9
1952,12,24,0,32.4,19.3
1952,12,25,0,31.9,17.3
1952,12,26,0,29.8,16.2
1952,12,27,0,31.6,16.9
1952,12,28,0,33.3,15.9
1952,12,29,0,31.2,16
1952,12,30,0,31.6,18
1952,12,31,0,31.3,14.8
1953,1,1,0,29.9,18
1953,1,2,0,28.4,16.2
1953,1,3,3.5,28.9,16.2
1953,1,4,0.9,29.7,17.3
1953,1,5,0,28.5,18
1953,1,6,2,30.2,17
1953,1,7,0,29.7,17.3
1953,1,8,2.6,31.1,17
1953,1,9,0,29.8,16.2
1953,1,10,0,31,17
1953,1,11,1.8,31.7,15.1
1953,1,12,0,31.2,17.1
1953,1,13,10.7,31.1,17.3
1953,1,14,1.2,32.8,15.9
1953,1,15,0,30.3,18
1953,1,16,0,32.3,15.2
1953,1,17,0,30.6,16.6
1953,1,18,0,32.4,17.3
1953,1,19,0,30.1,18
1953,1,20,0,31.9,18
1953,1,21,0,29.9,18.8
1953,1,22,0,32.2,16.2
1953,1,23,0,33.2,17.7
1953,1,24,0,32.5,17
1953,1,25,0,32,18.8
1953,1,26,0,29.3,17
1953,1,27,0,31.9,17.3
1953,1,28,7,32,17.1
1953,1,29,0,30.8,16.2
1953,1,30,0,31.9,15.9
1953,1,31,0,31.3,16.6
1953,2,1,0,32.6,18.2
1953,2,2,0,32.1,17.3
1953,2,3,0,30.9,16.1
1953,2,4,0,31.2,18.4
1953,2,5,0,31.2,17.9
1953,2,6,0,31.8,16.2
1953,2,7,2.9,31,16.8
1953,2,8,0,28.8,15.5
1953,2,9,0,31.6,14.8
1953,2,10,2.6,30.6,16.8
1953,2,11,0,30.6,16.2
1953,2,12,0,31.7,16
1953,2,13,0,29.9,15.5
1953,2,14,3.5,31.7,16.6
1953,2,15,0,30.7,17.5
1953,2,16,0,31,15.5
1953,2,17,7.6,31.5,17.7
1953,2,18,2.9,30.3,15.9
1953,2,19,0,32.9,17.5
1953,2,20,0,32.9,18.2
1953,2,21,0,31.7,17.7
1953,2,22,2.3,31.2,18.4
1953,2,23,0,32.9,16.2
1953,2,24,0,30.5,15.9
1953,2,25,0,32,16.2
1953,2,26,12.3,32.9,17.1
1953,2,27,0,30.1,16.1
1953,2,28,0,27.7,17.5
1953,3,1,0,31.3,17.7
1953,3,2,0,32.2,18
1953,3,3,0,33.3,17.7
1953,3,4,0,33.8,17.3
1953,3,5,0,32.5,16.2
1953,3,6,0,32.9,16.6
1953,3,7,3.5,32.4,19.1
1953,3,8,2.1,31.5,16.6
1953,3,9,0,31.8,17.3
1953,3,10,0,32.6,17.3
1953,3,11,0,29.6,18
1953,3,12,0,31.1,17.3
1953,3,13,0,31.8,18
1953,3,14,5.8,29.6,16.6
1953,3,15,0,31.5,16.6
1953,3,16,2.9,31.8,17.3
1953,3,17,0,31.5,15.9
1953,3,18,3.6,31.1,16.6
1953,3,19,0,30.7,17.3
1953,3,20,0,31.5,16.2
1953,3,21,17,30.3,17.3
1953,3,22,0,31.1,17.7
1953,3,23,0,30.3,16.6
1953,3,24,0,31.5,17.3
1953,3,25,7,31.1,17.3
1953,3,26,1.2,30.3,17.3
1953,3,27,0,31.1,15.9
1953,3,28,0,29.6,16.2
1953,3,29,0,30.3,16.6
1953,3,30,0,31.1,17.3
1953,3,31,0,31.1,17.3
1953,4,1,0,28.1,16.6
1953,4,2,0,30.3,18.7
1953,4,3,3.5,28.9,19.5
1953,4,4,5.8,30.3,17.5
1953,4,5,0,29.6,17.7
1953,4,6,0.9,28.9,18.8
1953,4,7,1.8,28.1,19.6
1953,4,8,2.9,28.9,19.1
1953,4,9,0,30.3,18.9
1953,4,10,8.8,30.7,19.6
1953,4,11,0,31.1,18.6
1953,4,12,0,31.1,18.7
1953,4,13,0,32.6,19.6
1953,4,14,5.2,31.8,18.7
1953,4,15,0,32.6,20.2
1953,4,16,0,32.6,20
1953,4,17,0,28.8,18
1953,4,18,0,33.4,18.7
1953,4,19,2.6,33.7,17.7
1953,4,20,0,32.8,16.9
1953,4,21,0,32.9,17.5
1953,4,22,0,31.7,16.2
1953,4,23,1.5,32.9,16.9
1953,4,24,10,31.6,17.5
1953,4,25,5.3,32.3,19.8
1953,4,26,17,30.8,20
1953,4,27,2.9,32.3,18
1953,4,28,0,31.3,18
1953,4,29,0,30.3,18.7
1953,4,30,0,31.9,18
1953,5,1,3.6,32.4,18.7
1953,5,2,11.3,32,20.9
1953,5,3,3.5,32.8,18.9
1953,5,4,3.1,31.6,19.1
1953,5,5,2.6,33.6,18.7
1953,5,6,3.5,32.3,19.5
1953,5,7,0,34.9,19.6
1953,5,8,0,34.9,19.3
1953,5,9,0,31.3,19.1
1953,5,10,9.9,32.7,20
1953,5,11,16.7,32.9,18.4
1953,5,12,7,31.1,17.7
1953,5,13,15.8,31.3,17.8
1953,5,14,0,32.2,19.8
1953,5,15,6.4,32.3,18.7
1953,5,16,5.6,30.8,18
1953,5,17,0,32.1,19.1
1953,5,18,0,32.3,18.4
1953,5,19,0,32.9,18.4
1953,5,20,4.1,32.5,18.4
1953,5,21,2.1,32.5,18.7
1953,5,22,1.2,31.9,18.4
1953,5,23,4,31.6,18.2
1953,5,24,11.5,32,18.4
1953,5,25,0,32.2,18.7
1953,5,26,21,32.3,19.1
1953,5,27,2.3,32.8,18.7
1953,5,28,0,32.2,18.4
1953,5,29,0,32,18
1953,5,30,0,31.8,18.6
1953,5,31,3.6,32.6,17.3
1953,6,1,6.7,33.3,19.5
1953,6,2,9.6,31.5,17.7
1953,6,3,50.7,31.8,19.1
1953,6,4,27.3,31.5,18.7
1953,6,5,7.9,32.8,19.5
1953,6,6,0,32.6,18.2
1953,6,7,20.5,32.5,16.9
1953,6,8,29.3,32.2,17.7
1953,6,9,8.2,31.6,17.8
1953,6,10,9.8,33.2,19.1
1953,6,11,5.8,30.9,16.9
1953,6,12,4.7,33,16.8
1953,6,13,23,34.1,16.6
1953,6,14,5.8,32.7,16.4
1953,6,15,0,33.4,18.2
1953,6,16,15.5,32.9,17.3
1953,6,17,0,32.5,17.7
1953,6,18,4.1,33.7,17.7
1953,6,19,1.5,33.7,18
1953,6,20,12.4,32.9,17.7
1953,6,21,10.1,33,17.7
1953,6,22,15.2,33.4,19.3
1953,6,23,16.7,33.1,16.9
1953,6,24,5.3,33.6,17.3
1953,6,25,18.8,33.2,18.4
1953,6,26,41,32.9,19.1
1953,6,27,6.7,33.2,18.7
1953,6,28,0,32.9,17.3
1953,6,29,16.4,33.4,18.4
1953,6,30,18.8,33.7,18
1953,7,1,12.8,33,17.5
1953,7,2,0,32.5,17.3
1953,7,3,0,33.6,17.3
1953,7,4,14.6,32.9,19.1
1953,7,5,4.7,31.9,16.6
1953,7,6,0,33.1,15.9
1953,7,7,0,33.1,17.8
1953,7,8,11.2,32.5,16.9
1953,7,9,29.6,34.3,18.7
1953,7,10,10.9,32.5,16.6
1953,7,11,20.1,32.9,18
1953,7,12,14,32.5,18
1953,7,13,11.7,32.9,16.9
1953,7,14,3.1,34.1,18.7
1953,7,15,3.1,33.1,18.2
1953,7,16,6.2,33.9,18.6
1953,7,17,3.6,32.9,15.5
1953,7,18,12.3,33.7,15.7
1953,7,19,14.5,33.6,16.9
1953,7,20,0,33.1,17.3
1953,7,21,0,32.6,15.5
1953,7,22,0,33.7,16.4
1953,7,23,4.7,33.1,17.1
1953,7,24,0,33.6,16.9
1953,7,25,0,32.7,16.2
1953,7,26,26,33.9,16.4
1953,7,27,20,34,15.9
1953,7,28,6.2,34,16
1953,7,29,14,34.9,16.6
1953,7,30,8.2,33.2,16.2
1953,7,31,9.2,34.9,12
1953,8,1,13.4,32.1,17.3
1953,8,2,21.6,34.1,15.9
1953,8,3,5.8,32.9,16.9
1953,8,4,9.8,33,16.6
1953,8,5,35.3,33.3,16
1953,8,6,0,33.4,15.9
1953,8,7,2.6,32.7,15.5
1953,8,8,28.3,32.7,17.1
1953,8,9,19.9,33.4,16.8
1953,8,10,3.6,32.5,16.9
1953,8,11,8.2,33.6,16.8
1953,8,12,10.6,33.5,16.6
1953,8,13,0,33.1,16.8
1953,8,14,7,33.7,16.9
1953,8,15,0,34,16.6
1953,8,16,0,33.1,16.6
1953,8,17,7.3,32.7,16.6
1953,8,18,19.6,33.4,16.2
1953,8,19,23.9,33.6,17.1
1953,8,20,0,32.1,16
1953,8,21,8.2,33.4,17.5
1953,8,22,7.3,34.2,16.8
1953,8,23,4.1,33.1,16.2
1953,8,24,3.2,32.9,16.9
1953,8,25,6.7,32.7,17.3
1953,8,26,0,32.5,16.4
1953,8,27,23.6,33.6,16.4
1953,8,28,0,33.6,16.8
1953,8,29,25.2,33.1,16
1953,8,30,8.2,33.3,17.1
1953,8,31,14.4,35.3,12.7
1953,9,1,0,32,16.8
1953,9,2,0,34.1,16.6
1953,9,3,4.6,33.3,17.1
1953,9,4,11.6,33.5,16.4
1953,9,5,5.7,32.9,15.5
1953,9,6,47.5,33.2,16.6
1953,9,7,4.1,33.4,17.3
1953,9,8,0,34,16.6
1953,9,9,1.8,33.9,15.5
1953,9,10,1.5,34.1,15.7
1953,9,11,13.6,33.8,16
1953,9,12,1.5,33.9,16
1953,9,13,4.7,35.7,16.9
1953,9,14,0,33.1,16.8
1953,9,15,65.6,35.7,16.2
1953,9,16,8.8,33.1,15.9
1953,9,17,16,34,16.4
1953,9,18,0,33.6,16.6
1953,9,19,14,33.5,15.7
1953,9,20,34.3,34.4,16
1953,9,21,9.2,33.6,14.6
1953,9,22,3.8,31.7,14.4
1953,9,23,0,30.9,15.7
1953,9,24,0,32.3,17.3
1953,9,25,11.3,33.1,16.6
1953,9,26,15.1,33.2,15.9
1953,9,27,22.5,32.7,16.4
1953,9,28,4.6,33.2,16.2
1953,9,29,16.4,35.3,15.3
1953,9,30,22.7,30.8,13
1953,10,1,32.4,31.5,16
1953,10,2,60,33,16.2
1953,10,3,31.6,34.6,15.7
1953,10,4,35.3,31.9,16.2
1953,10,5,29.2,31.3,15.1
1953,10,6,2,32.5,16.4
1953,10,7,0,30.7,15.9
1953,10,8,2.9,32,16.8
1953,10,9,0,32.2,15.1
1953,10,10,0,32.9,15.9
1953,10,11,5.8,32.4,16
1953,10,12,0,32.6,15.5
1953,10,13,0,32.2,15.3
1953,10,14,9.3,32.9,15.5
1953,10,15,0,32.9,16.4
1953,10,16,21.9,32.2,16.8
1953,10,17,1.8,31.8,15.9
1953,10,18,18.1,32.6,16.6
1953,10,19,7.6,31.9,15.5
1953,10,20,8.8,32.2,15.7
1953,10,21,2.3,33,16
1953,10,22,0,32.2,15.9
1953,10,23,6.9,32.2,15.5
1953,10,24,0,32.2,15.9
1953,10,25,11.3,31.7,15.5
1953,10,26,5.7,32,15
1953,10,27,8.2,32.9,15.5
1953,10,28,11.8,32.2,15.3
1953,10,29,3.6,32.6,15.9
1953,10,30,0,32.5,15.5
1953,10,31,0,32.8,12
1953,11,1,14.9,32.9,15.1
1953,11,2,0,33.5,15
1953,11,3,11.1,32.8,14.4
1953,11,4,19.1,33.9,14.4
1953,11,5,8.2,31.9,14.8
1953,11,6,14.8,29.1,14.1
1953,11,7,8.5,27.3,14.4
1953,11,8,11.3,28.6,13.7
1953,11,9,0,28.1,13.7
1953,11,10,0,29.2,13.9
1953,11,11,2.6,30,14.4
1953,11,12,0,25.5,12.1
1953,11,13,0,25.7,12.3
1953,11,14,0,26.4,12.4
1953,11,15,2,26.3,12.4
1953,11,16,1.8,28.3,15
1953,11,17,0,29.5,16.2
1953,11,18,0,32.2,14.1
1953,11,19,0,31.3,14.2
1953,11,20,8.8,32.6,15.1
1953,11,21,0,32.2,14.8
1953,11,22,0,31.9,14.1
1953,11,23,0,32.7,15
1953,11,24,0,32.1,14.4
1953,11,25,0,32.5,14.1
1953,11,26,0,31.9,14.2
1953,11,27,0,31,12.4
1953,11,28,2.6,28.3,12.8
1953,11,29,1.2,25.3,12.8
1953,11,30,0,27,12.3
1953,12,1,2.6,29.5,14.2
1953,12,2,4.6,30.8,14.8
1953,12,3,4.1,30,15.5
1953,12,4,0,31.2,15
1953,12,5,0,31.6,14.8
1953,12,6,0,29,14.2
1953,12,7,2.9,30.2,14.8
1953,12,8,0,31.1,15.1
1953,12,9,0,28.4,14.1
1953,12,10,1.8,29.3,14.1
1953,12,11,0,27.1,13.7
1953,12,12,0,28.6,13.5
1953,12,13,0,30.1,13.5
1953,12,14,0,25.8,14.1
1953,12,15,4.7,26,14.6
1953,12,16,0,25.3,14.6
1953,12,17,0,25,15.7
1953,12,18,0,26.9,15.3
1953,12,19,0,24.5,15.3
1953,12,20,0,25.3,15.7
1953,12,21,5.2,29.7,16.8
1953,12,22,4.1,28.6,15.9
1953,12,23,0,32.7,15
1953,12,24,0,27.4,16.4
1953,12,25,0,25.4,15.5
1953,12,26,0,27,15.5
1953,12,27,0,26.3,15.9
1953,12,28,0,25.9,15.5
1953,12,29,0,28.7,13.5
1953,12,30,0,30.8,15.3
1953,12,31,0,30.2,13.7
1954,1,1,0,30.3,14.2
1954,1,2,4.1,30,14.8
1954,1,3,0,30.8,13.7
1954,1,4,0,31.1,14.8
1954,1,5,0,30.6,13.5
1954,1,6,0,29.5,13.5
1954,1,7,0,30.5,13.5
1954,1,8,3.5,31.4,13.5
1954,1,9,0,33.1,12.8
1954,1,10,0,34,14.1
1954,1,11,3.5,33,13.7
1954,1,12,0,28.2,13.5
1954,1,13,0,28.5,13.5
1954,1,14,5.2,29.9,13.5
1954,1,15,0,27.2,13.2
1954,1,16,0,30.2,13
1954,1,17,1.2,30,14.8
1954,1,18,0,28.6,15
1954,1,19,0,28.1,15.2
1954,1,20,0,30.5,13.9
1954,1,21,0,29.7,12.6
1954,1,22,2.9,28.3,13.2
1954,1,23,4.7,24.9,17.1
1954,1,24,2.9,24.6,17
1954,1,25,4.1,25.7,16.8
1954,1,26,4.6,27.6,15.7
1954,1,27,9.5,24.9,16.1
1954,1,28,5.8,25.1,15.5
1954,1,29,0,26.2,16.2
1954,1,30,0,26.9,16.1
1954,1,31,0,27.9,15.2
1954,2,1,3.1,24.9,16.4
1954,2,2,2.3,25.2,15.3
1954,2,3,0,25.3,13.9
1954,2,4,0,27.2,15.7
1954,2,5,3.6,25.7,13.3
1954,2,6,0,27.7,13
1954,2,7,1.2,27.2,13.9
1954,2,8,0,25.4,13.5
1954,2,9,0,28,11.9
1954,2,10,0,30.1,9
1954,2,11,0,31.9,9.4
1954,2,12,0,30.1,9.2
1954,2,13,0,29.1,12.6
1954,2,14,5.7,30.5,11.6
1954,2,15,3.6,30.5,12.6
1954,2,16,2.8,31.3,13.9
1954,2,17,0,32.4,14.3
1954,2,18,0,29.7,13.9
1954,2,19,9.8,31.7,15
1954,2,20,0,33.9,14.4
1954,2,21,2.9,31.3,14.4
1954,2,22,7.4,27.4,16.1
1954,2,23,0,28.8,15.3
1954,2,24,1.2,24.9,16.1
1954,2,25,4.1,26.8,15
1954,2,26,0,32.1,15
1954,2,27,0,32.2,15
1954,2,28,1.2,32.5,14.8
1954,3,1,0,28.4,15.7
1954,3,2,0,28.9,16.4
1954,3,3,0,31.3,15.7
1954,3,4,3.2,31.7,15
1954,3,5,0,31.9,16.4
1954,3,6,10.8,32.1,16.2
1954,3,7,2.9,32.2,17.1
1954,3,8,6.1,32,17.3
1954,3,9,0,29.8,15.3
1954,3,10,0,32,12.3
1954,3,11,0,33.3,14.8
1954,3,12,0,33.6,14.3
1954,3,13,0,32.5,13.2
1954,3,14,0,34.8,14.4
1954,3,15,0,23.6,16.2
1954,3,16,0,23.2,16.2
1954,3,17,0,28,16.1
1954,3,18,0,30.8,15.5
1954,3,19,1.2,33.5,17.3
1954,3,20,0,31.1,18.2
1954,3,21,0,35,16.4
1954,3,22,0,32.5,17.5
1954,3,23,0,32.8,16.8
1954,3,24,0,34.1,19.1
1954,3,25,0,34.2,19.3
1954,3,26,0,32.8,17.1
1954,3,27,0,32.4,16.4
1954,3,28,0,34,15.9
1954,3,29,0,34.4,16.8
1954,3,30,0,34.1,16.1
1954,3,31,0,34.4,16.6
1954,4,1,4.7,32.7,17
1954,4,2,0,32.9,16.6
1954,4,3,0,33.1,17.7
1954,4,4,0,33.3,18
1954,4,5,0,33.7,16.2
1954,4,6,3.1,34.1,15.9
1954,4,7,0,34.3,16.2
1954,4,8,6.2,33.8,16.8
1954,4,9,0,33.5,16.4
1954,4,10,0,33.7,16.6
1954,4,11,0,33.4,16.6
1954,4,12,2.9,32.5,18.4
1954,4,13,1.2,32.2,17.5
1954,4,14,5.7,33.4,17.5
1954,4,15,0,33.6,17.5
1954,4,16,2.2,34,17
1954,4,17,1.8,28.9,17.3
1954,4,18,0.5,28.5,17.1
1954,4,19,0,32.7,17.7
1954,4,20,0,32.3,17.1
1954,4,21,1.2,32.2,17
1954,4,22,0,32.6,17.5
1954,4,23,0,33.1,18.4
1954,4,24,0,32.7,17.7
1954,4,25,0,33.4,16.6
1954,4,26,29.9,32.8,15.9
1954,4,27,14.9,33.1,16.8
1954,4,28,25.6,35.7,17.3
1954,4,29,12.3,35.7,17.3
1954,4,30,35,36.6,16.6
1954,5,1,35,34.9,17.3
1954,5,2,4.1,36.6,17.9
1954,5,3,27.7,32.4,18.6
1954,5,4,3.1,31.6,17.7
1954,5,5,4.7,32.4,17.7
1954,5,6,0,32.7,16.8
1954,5,7,3.1,33.6,16.8
1954,5,8,3.2,32.7,18.2
1954,5,9,6.2,31.6,18.6
1954,5,10,3.1,33.6,18.6
1954,5,11,0,33.5,18.8
1954,5,12,8.3,33.3,18
1954,5,13,5.6,34.4,17.7
1954,5,14,6.7,35.1,18.4
1954,5,15,3.8,32.7,17.7
1954,5,16,12,33.6,17.7
1954,5,17,4.6,33.5,17
1954,5,18,7.3,32.7,18.4
1954,5,19,0,34.4,18.2
1954,5,20,21.6,33.6,18.8
1954,5,21,12.9,33.6,18.2
1954,5,22,24.7,33.5,18.6
1954,5,23,9.8,34.4,17.7
1954,5,24,34.3,35,18.8
1954,5,25,36.6,33.1,18
1954,5,26,31.4,34.9,18.9
1954,5,27,0,34.4,18.8
1954,5,28,3.6,34.8,18.2
1954,5,29,0,33.8,18.9
1954,5,30,0,33.6,18.4
1954,5,31,0,33.5,18.7
1954,6,1,9.3,33.1,17.7
1954,6,2,6.7,33.7,17
1954,6,3,15.9,34.9,18.4
1954,6,4,14,34.9,17
1954,6,5,18.3,33.5,18.6
1954,6,6,3.1,34.2,17.3
1954,6,7,14.7,33,17
1954,6,8,21.7,34.1,17.9
1954,6,9,31.9,33.1,17.1
1954,6,10,0,32.9,17.7
1954,6,11,20.1,33.9,18.8
1954,6,12,2.1,34,18
1954,6,13,22.7,32.9,18
1954,6,14,13.4,34,16.8
1954,6,15,18.2,30,18.2
1954,6,16,31.9,32.2,17.7
1954,6,17,16,31.6,17
1954,6,18,14.3,32.2,17
1954,6,19,14.7,33.1,18.8
1954,6,20,13.9,32.3,17.5
1954,6,21,6.5,30.3,19.3
1954,6,22,9.4,31.4,18.4
1954,6,23,28.6,32.7,18.6
1954,6,24,0,30.8,18.8
1954,6,25,0.6,31.9,18.6
1954,6,26,5.6,31.3,19.3
1954,6,27,14.9,31.2,19.1
1954,6,28,47.3,30.7,19.1
1954,6,29,19,30.9,18.8
1954,6,30,33.5,32.5,18.8
1954,7,1,17,28.1,18.8
1954,7,2,9.4,31.6,18.8
1954,7,3,62.7,31.6,18.8
1954,7,4,8.5,31.2,19.3
1954,7,5,36.2,32,19.7
1954,7,6,1.8,31.1,19.1
1954,7,7,7.9,32,19.7
1954,7,8,5.4,32.4,20
1954,7,9,7.9,32.2,18.7
1954,7,10,14.6,31.6,18.2
1954,7,11,0,30.7,19.4
1954,7,12,6.7,32.2,18
1954,7,13,0.6,32.2,18.2
1954,7,14,2,32,18.4
1954,7,15,0,31.3,19.3
1954,7,16,0,30.8,17.1
1954,7,17,4.6,32,18.2
1954,7,18,0,32.3,17
1954,7,19,2.6,32.2,18.4
1954,7,20,18.8,33,18.8
1954,7,21,0,31.3,18.9
1954,7,22,3.7,31.2,17.3
1954,7,23,0.9,30.7,18.9
1954,7,24,0,31.2,18.6
1954,7,25,1.5,31.4,17.3
1954,7,26,0,28.6,17.3
1954,7,27,0,26.4,16.8
1954,7,28,0.6,31.3,17.7
1954,7,29,3.1,31.3,17.1
1954,7,30,0,32.3,17.1
1954,7,31,2.1,32.2,18
1954,8,1,0,30.8,17.7
1954,8,2,0.1,30.9,17.5
1954,8,3,0,33.6,17.9
1954,8,4,0,31.3,18.7
1954,8,5,8.8,32.2,17.5
1954,8,6,2.6,30.8,18.8
1954,8,7,4.1,29.6,17.9
1954,8,8,5.7,30.6,17.5
1954,8,9,0,31.6,17.3
1954,8,10,0,33.3,17.3
1954,8,11,4.1,32.2,17.7
1954,8,12,6.2,32.3,18.8
1954,8,13,10.5,31.4,17.5
1954,8,14,8.6,32.1,19.1
1954,8,15,1.2,33.2,18.4
1954,8,16,0,32,18.4
1954,8,17,0,32.8,18
1954,8,18,2.6,32.3,18.6
1954,8,19,0,31.8,18
1954,8,20,1.5,32.6,18.2
1954,8,21,4,32.6,18.5
1954,8,22,0,32.6,18.7
1954,8,23,23.7,32.9,18.9
1954,8,24,25.2,31.8,18.6
1954,8,25,4.1,31.6,17
1954,8,26,7.3,31.5,17.7
1954,8,27,25.2,32,17.3
1954,8,28,0,31.3,19.7
1954,8,29,28.9,32.2,17.3
1954,8,30,0,33,16.2
1954,8,31,15,32.2,19.1
1954,9,1,24.6,31.9,17.1
1954,9,2,24.8,32,19.1
1954,9,3,21.5,30.9,18.7
1954,9,4,15.5,31.1,17.9
1954,9,5,5.6,31.9,19.7
1954,9,6,9.2,32.3,18.4
1954,9,7,40.8,31.7,17.9
1954,9,8,20.8,32,19.1
1954,9,9,32.1,31.1,19.8
1954,9,10,2.3,29.6,18.8
1954,9,11,11.7,32.1,18.8
1954,9,12,0,31.1,18.6
1954,9,13,0,32.1,18.4
1954,9,14,0,30.4,18.6
1954,9,15,17.3,32,17.7
1954,9,16,22.7,32.2,18.4
1954,9,17,44.2,29.6,17.7
1954,9,18,25.8,31.6,18.4
1954,9,19,17,31.8,19.7
1954,9,20,1.8,31.8,19.3
1954,9,21,22.2,33.2,18.8
1954,9,22,9.3,31.6,21.5
1954,9,23,31.4,30.6,18.2
1954,9,24,3.6,28,20.5
1954,9,25,21.6,28.8,20.2
1954,9,26,18.5,30.5,21.1
1954,9,27,20.5,30.6,22
1954,9,28,9.8,29.8,21.5
1954,9,29,0.6,29.3,19.1
1954,9,30,11.7,29.5,20
1954,10,1,4.1,31.9,19.1
1954,10,2,0.9,32.2,18.4
1954,10,3,12.3,32,18.8
1954,10,4,7.8,30,19.1
1954,10,5,0,30.9,18
1954,10,6,9.1,30.8,19
1954,10,7,11.7,32.2,18.4
1954,10,8,6.1,29.6,18.6
1954,10,9,0,30.4,18.9
1954,10,10,0.3,31.8,18
1954,10,11,0,31.8,17.7
1954,10,12,1.2,31.3,19.5
1954,10,13,10.5,31.3,18.4
1954,10,14,0,31.2,17.3
1954,10,15,0,30.7,18.6
1954,10,16,10.5,31.5,18
1954,10,17,7.4,31.4,18
1954,10,18,0,28.7,18
1954,10,19,0,29.1,16.6
1954,10,20,0,30.7,15.7
1954,10,21,4.1,28.9,16.6
1954,10,22,0,31.5,17.6
1954,10,23,0,32,16.6
1954,10,24,9.6,30.8,18
1954,10,25,2.3,29.5,17.3
1954,10,26,3.2,30,18.4
1954,10,27,4.1,32.3,18
1954,10,28,0,30.8,18.8
1954,10,29,0,30.7,18
1954,10,30,0.6,30.6,17.5
1954,10,31,0,32.7,19.5
1954,11,1,8.1,29.2,18
1954,11,2,1.2,31.2,18.4
1954,11,3,0,29.9,17.7
1954,11,4,10.4,31.6,17.7
1954,11,5,1.8,32,15.5
1954,11,6,18.4,31.1,18.8
1954,11,7,0,30.5,17.5
1954,11,8,0,29.6,17
1954,11,9,0,27.8,15.7
1954,11,10,0,27.3,17
1954,11,11,0,30.5,15.3
1954,11,12,10.8,28.4,17.9
1954,11,13,0,30.8,15.2
1954,11,14,2.6,30.9,15.5
1954,11,15,0,30.5,17.3
1954,11,16,0,31.1,15.5
1954,11,17,0,31.6,15
1954,11,18,0,30.7,14.9
1954,11,19,1.2,30.1,15.9
1954,11,20,0,31.1,17
1954,11,21,0,29.8,13.1
1954,11,22,0,31.7,14.8
1954,11,23,0,25.8,15.2
1954,11,24,0,27.2,15.5
1954,11,25,0,30.3,15.5
1954,11,26,0,30,13.4
1954,11,27,0,31.9,14.4
1954,11,28,0,30.9,13.5
1954,11,29,1.2,31.2,14.4
1954,11,30,2.9,29.6,18
1954,12,1,9.5,30.6,18.2
1954,12,2,0.9,30.6,18.8
1954,12,3,1.2,28.8,17.5
1954,12,4,0,30.8,17.9
1954,12,5,0,31.3,17.3
1954,12,6,6.1,28.4,17.3
1954,12,7,0,25.7,15.5
1954,12,8,0,30.6,14.6
1954,12,9,0,29.8,14.5
1954,12,10,0,30,13.4
1954,12,11,0,30.1,14.4
1954,12,12,0,31.2,16.2
1954,12,13,1.2,31.6,18
1954,12,14,0.6,28.3,15.5
1954,12,15,0,28.4,16.6
1954,12,16,0,29.1,19.1
1954,12,17,0,32,16.2
1954,12,18,2.6,27.1,17.3
1954,12,19,0.6,27.4,16.9
1954,12,20,0.3,26.4,16.8
1954,12,21,0,26.7,15.9
1954,12,22,0,28.3,15.3
1954,12,23,0,25.1,15.8
1954,12,24,1.2,29.1,16.6
1954,12,25,0,28.5,17.3
1954,12,26,0,29.8,17.3
1954,12,27,0.6,30.7,16.4
1954,12,28,0,28.5,14.4
1954,12,29,0,30.2,16.8
1954,12,30,0,29.1,17.3
1954,12,31,0.6,30.5,14.6
1955,1,1,0,29.4,18
1955,1,2,0.6,29.4,17
1955,1,3,2.6,30.6,17.3
1955,1,4,0,29.7,15.9
1955,1,5,0,28.1,15.9
1955,1,6,0,27,18
1955,1,7,0,29,15.3
1955,1,8,0,29.9,16
1955,1,9,7.7,31.4,13.7
1955,1,10,0,25.2,14.2
1955,1,11,1.5,29.8,15.1
1955,1,12,0,29.1,14.6
1955,1,13,1.2,28.7,15.9
1955,1,14,0,29.4,15.5
1955,1,15,0,28.8,16.7
1955,1,16,0,33.5,16.1
1955,1,17,0,31.2,14.1
1955,1,18,0,31.2,13.9
1955,1,19,0,29.2,15
1955,1,20,0,26.7,15.5
1955,1,21,4.1,29.8,15
1955,1,22,0.1,27.7,14.6
1955,1,23,9.3,30.9,13.4
1955,1,24,0.3,27,13.2
1955,1,25,6.8,25.2,16.4
1955,1,26,2.6,26.2,14.6
1955,1,27,1.2,30.2,14.1
1955,1,28,3.8,29.2,16.2
1955,1,29,6.1,27,16.8
1955,1,30,0,27.1,15.2
1955,1,31,0,28,16.6
1955,2,1,0,27,11.9
1955,2,2,0,29.8,16.4
1955,2,3,0,29.7,12.4
1955,2,4,0,30.3,13.4
1955,2,5,0,30.7,13.7
1955,2,6,3.1,29.5,17.3
1955,2,7,0,30.1,14.1
1955,2,8,1.2,27.8,15
1955,2,9,7,28.5,15.9
1955,2,10,2.3,27.8,14.8
1955,2,11,3.5,25.1,15.2
1955,2,12,4.4,25.5,16.2
1955,2,13,1.8,24.5,15.2
1955,2,14,1.2,27.1,14.8
1955,2,15,0,25.2,13.9
1955,2,16,1.2,28.3,13.8
1955,2,17,0,28.8,15.3
1955,2,18,0,27.9,15.2
1955,2,19,0,29.4,15.7
1955,2,20,0,27.4,18.4
1955,2,21,0,30,16.6
1955,2,22,0,31,16.6
1955,2,23,0,28.7,18.2
1955,2,24,0,29.1,16.6
1955,2,25,0,32.1,17
1955,2,26,0,28.9,16.7
1955,2,27,0.6,29.4,16.2
1955,2,28,0,28.5,14.1
1955,3,1,0,30.2,14.3
1955,3,2,0,28.5,15.3
1955,3,3,0,31.3,17.5
1955,3,4,5.7,28.6,14.9
1955,3,5,0,29.2,15.1
1955,3,6,0,30,14.7
1955,3,7,3.5,30.4,19.5
1955,3,8,0,30.7,17
1955,3,9,0,31.7,15.3
1955,3,10,0,28.8,13.7
1955,3,11,0,31.9,17.9
1955,3,12,0,32.6,14.4
1955,3,13,0,32.9,16.4
1955,3,14,0,32.4,15.4
1955,3,15,0,29.1,15.9
1955,3,16,29.9,33.5,15
1955,3,17,0,32.7,15.3
1955,3,18,0,33.3,16.8
1955,3,19,0,34.4,17.3
1955,3,20,4.6,33.3,17.1
1955,3,21,0,35.7,17
1955,3,22,1.8,32.3,17
1955,3,23,0,33.7,19.7
1955,3,24,0,33.5,16.2
1955,3,25,0,31.5,14.1
1955,3,26,0,31.4,14.8
1955,3,27,0,33.4,14.1
1955,3,28,0,29,17.7
1955,3,29,0.6,30.4,17.9
1955,3,30,0.3,31.1,18.4
1955,3,31,0,32.7,17.3
1955,4,1,1.2,33.4,15.2
1955,4,2,0,31.2,15
1955,4,3,0,33.3,16.4
1955,4,4,0,33.4,13.3
1955,4,5,0,32.9,15.3
1955,4,6,0,32.7,16.4
1955,4,7,0,32.9,14.6
1955,4,8,0,31.8,16.6
1955,4,9,0,28.3,19.8
1955,4,10,0,30.5,17.3
1955,4,11,0,29.3,13.9
1955,4,12,0,31.7,17.5
1955,4,13,0,31.4,15.2
1955,4,14,0,30.7,17
1955,4,15,0,29.9,17
1955,4,16,0,29.1,15.5
1955,4,17,0,30.9,16.4
1955,4,18,0,30.8,15.2
1955,4,19,0,31.8,13.9
1955,4,20,0,27.7,14.4
1955,4,21,0,30.1,15.5
1955,4,22,0,31.5,17
1955,4,23,0,29.7,14.4
1955,4,24,0,29.4,17.2
1955,4,25,0,31.8,16.3
1955,4,26,0,32.3,18.2
1955,4,27,0,32.8,16.1
1955,4,28,3.6,32.4,15.9
1955,4,29,0,31.2,17.2
1955,4,30,0,30.3,19.7
1955,5,1,0,29.2,15.9
1955,5,2,0,32.6,16.4
1955,5,3,0,33.1,16.1
1955,5,4,0,33,14.4
1955,5,5,0,30.7,15.2
1955,5,6,0,32.7,18
1955,5,7,0,30.2,14.8
1955,5,8,0,31.4,15.7
1955,5,9,0,31.6,17.2
1955,5,10,0,32.3,16.8
1955,5,11,0,33.3,15.7
1955,5,12,0,31.6,15
1955,5,13,0,29.6,16.6
1955,5,14,0.6,32.1,16.1
1955,5,15,2.9,31.2,15.9
1955,5,16,20.1,33.8,18.4
1955,5,17,0.3,35.3,14.4
1955,5,18,7.9,34.1,16.4
1955,5,19,11.7,36.6,16.8
1955,5,20,0,33.5,15.5
1955,5,21,0,33,17.2
1955,5,22,0,32.4,15.3
1955,5,23,0,31.7,14.4
1955,5,24,5.2,31.7,15.2
1955,5,25,0,31.9,15
1955,5,26,0,29.6,15.3
1955,5,27,9.1,32.2,17.3
1955,5,28,0,33.6,16.4
1955,5,29,0,30,16.2
1955,5,30,7.9,31.1,15.9
1955,5,31,0,31.9,20.5
1955,6,1,0,29.9,16.1
1955,6,2,0,31.7,16.2
1955,6,3,0,32.8,17
1955,6,4,0,31.6,16.4
1955,6,5,0,31.3,17.5
1955,6,6,5.8,34.1,16.4
1955,6,7,0.6,32.4,16.4
1955,6,8,3.5,31.5,17.5
1955,6,9,0,32.1,17
1955,6,10,0,33.5,17
1955,6,11,10.6,33.5,16.8
1955,6,12,0.3,31.9,17.9
1955,6,13,0,32.3,17.2
1955,6,14,0,33.7,16.8
1955,6,15,0,33.6,15.2
1955,6,16,5.2,33.7,16.1
1955,6,17,11.7,33.1,16.4
1955,6,18,2.6,32.4,16.4
1955,6,19,21,32.6,17.3
1955,6,20,2.2,32.4,16.4
1955,6,21,16.3,32.2,17.3
1955,6,22,12.3,32.3,17.1
1955,6,23,6.2,31.7,17.1
1955,6,24,0.6,32.4,17.9
1955,6,25,0,30.9,17.5
1955,6,26,0,31.5,15.5
1955,6,27,10.3,33.1,15.5
1955,6,28,0,31.2,16.4
1955,6,29,0,32.1,15.9
1955,6,30,1.8,32.1,15.5
1955,7,1,5.7,30.7,15.7
1955,7,2,30.3,29.3,14.8
1955,7,3,11.7,30.3,16.3
1955,7,4,21,29.4,16.8
1955,7,5,4.3,32.7,17
1955,7,6,23.9,31.9,14.6
1955,7,7,8.3,31.8,15.9
1955,7,8,11.9,30.4,16.4
1955,7,9,16.8,31.2,16.2
1955,7,10,8.5,31.9,16.3
1955,7,11,6.4,32,15.7
1955,7,12,20.8,30,17.5
1955,7,13,27,31,16.8
1955,7,14,11,29.2,16.8
1955,7,15,19.9,32.7,16.6
1955,7,16,12.3,31.8,16.4
1955,7,17,41.8,32.2,17.1
1955,7,18,28.7,31.6,18.2
1955,7,19,18.9,32.7,17.7
1955,7,20,6.3,31.9,17
1955,7,21,9.9,32.2,18.8
1955,7,22,2.9,31.1,18
1955,7,23,2.3,30.9,17.1
1955,7,24,15.5,31.5,16.1
1955,7,25,29.4,32.6,15.2
1955,7,26,18.4,32.2,15.5
1955,7,27,16.7,31.3,15.9
1955,7,28,12.9,31,17.3
1955,7,29,0.3,31.1,17.6
1955,7,30,0,31.4,17.6
1955,7,31,5.7,30.9,17.3
1955,8,1,10.4,32.2,17
1955,8,2,6.7,31.8,15.9
1955,8,3,4.3,32.6,17.3
1955,8,4,11.9,32.1,15.7
1955,8,5,7,30.6,15.9
1955,8,6,9.4,32.1,17.1
1955,8,7,5.3,31.2,16.4
1955,8,8,0.3,29.8,17.1
1955,8,9,0,30,16.8
1955,8,10,12.4,30.5,16.1
1955,8,11,32.8,31.6,17.3
1955,8,12,30.7,32.2,18.2
1955,8,13,2.9,30,17
1955,8,14,19.1,30.3,16.8
1955,8,15,0,31.5,17.1
1955,8,16,0,31.8,17.5
1955,8,17,0,31.3,17.9
1955,8,18,5.2,30.5,18.8
1955,8,19,0.6,28.5,17.3
1955,8,20,4.3,31.2,18.4
1955,8,21,5.5,31.3,18.6
1955,8,22,23.1,30.8,18
1955,8,23,3.8,31.4,19.7
1955,8,24,24.3,30,19.5
1955,8,25,18.1,30,18.6
1955,8,26,14.3,28.4,19.3
1955,8,27,8.1,29.5,19.7
1955,8,28,14.5,30,19.8
1955,8,29,25.5,30,19.3
1955,8,30,0,31.2,18.9
1955,8,31,26.4,31.5,19.1
1955,9,1,40.3,31.1,18.2
1955,9,2,20.5,28.7,16.8
1955,9,3,12,30.3,17.8
1955,9,4,45.9,30.8,17.3
1955,9,5,14,32.4,19.7
1955,9,6,14.3,32,18.4
1955,9,7,52,30.8,18.9
1955,9,8,21.5,31.4,19.8
1955,9,9,18.1,32,19.8
1955,9,10,46.9,30.3,19.5
1955,9,11,18.5,30.1,19.3
1955,9,12,9.3,32.1,19.5
1955,9,13,16.2,31.7,18
1955,9,14,19.9,29.6,18.8
1955,9,15,0,31.8,18.4
1955,9,16,0,29.4,18.6
1955,9,17,0,31.1,18.8
1955,9,18,3.4,31.5,19.3
1955,9,19,2.3,32.4,18.2
1955,9,20,12.1,30.5,18.2
1955,9,21,0,29.6,19.7
1955,9,22,0,31.9,18.9
1955,9,23,1.9,29.2,18.6
1955,9,24,10.4,30.2,18.8
1955,9,25,24.9,29.3,19.7
1955,9,26,3.1,29.8,20.4
1955,9,27,17.3,28.7,20.6
1955,9,28,5.4,31,19.3
1955,9,29,0,30.8,17.1
1955,9,30,13.5,30.2,17.9
1955,10,1,8.5,31,18.2
1955,10,2,5.5,29.7,18.4
1955,10,3,5.3,31.5,17.7
1955,10,4,3,30.5,18.4
1955,10,5,0,31.3,18.4
1955,10,6,1.6,31.1,18.4
1955,10,7,20.3,30,19.6
1955,10,8,28.2,29.3,18.4
1955,10,9,6.8,27.3,19.5
1955,10,10,3.3,28.5,19.7
1955,10,11,4.2,29.2,18.9
1955,10,12,11.2,29.3,19.1
1955,10,13,4.9,28.7,19.7
1955,10,14,0,27,18.6
1955,10,15,4.7,27.1,17.3
1955,10,16,5,27.6,19.5
1955,10,17,7.7,27.5,19.1
1955,10,18,1.5,25.9,18.5
1955,10,19,1.7,23.8,18.2
1955,10,20,4.1,25.7,18
1955,10,21,2.6,29.1,16.2
1955,10,22,22.2,26.6,19.1
1955,10,23,20.7,25,17.7
1955,10,24,14.3,26.2,17.9
1955,10,25,8.6,25.3,18.9
1955,10,26,13.7,26.4,18.8
1955,10,27,12.5,32.1,19.3
1955,10,28,22.9,29.1,19.5
1955,10,29,37.9,30.3,18.6
1955,10,30,6.7,28.1,19.1
1955,10,31,2.1,25.7,19.5
1955,11,1,4.8,28.5,19.7
1955,11,2,1.3,28.3,19.3
1955,11,3,4.9,27.7,19.5
1955,11,4,0,26.2,18.9
1955,11,5,3.3,27.6,16.9
1955,11,6,0,27.3,18.8
1955,11,7,0,28,17.7
1955,11,8,4.7,27.2,18.2
1955,11,9,3.1,26.9,19.5
1955,11,10,1.8,28.2,19.3
1955,11,11,2.5,27.5,19.1
1955,11,12,0,28.3,18.4
1955,11,13,3,27.8,17.3
1955,11,14,5.2,26.5,19.1
1955,11,15,3,26.7,17.7
1955,11,16,0.3,27.6,17.3
1955,11,17,8.9,27.2,19.1
1955,11,18,0.8,28,17.9
1955,11,19,1.5,26.9,18.8
1955,11,20,1.7,25.8,19.1
1955,11,21,0,26.6,18.8
1955,11,22,2.6,28,16.9
1955,11,23,16.4,28.8,17
1955,11,24,3.6,27.6,16.8
1955,11,25,6.8,25.4,18.8
1955,11,26,0.3,25.2,16.6
1955,11,27,5.2,26.2,18.2
1955,11,28,5.7,27.3,17.5
1955,11,29,0,26,18
1955,11,30,0.8,25.1,17.3
1955,12,1,0,25.2,18.6
1955,12,2,0.2,27.2,17.7
1955,12,3,0.1,26.5,17.7
1955,12,4,0,26.3,18.8
1955,12,5,5.8,26.7,17.7
1955,12,6,6.3,27.4,17.3
1955,12,7,0.3,27.1,17.5
1955,12,8,2.6,26.8,18.6
1955,12,9,2.1,27.1,19.3
1955,12,10,0.2,25,18.6
1955,12,11,0.4,24.7,18.2
1955,12,12,3,24.6,17.9
1955,12,13,0,26,17.3
1955,12,14,2.6,25.4,18.6
1955,12,15,0.4,23.4,18.8
1955,12,16,0.8,22.4,17.3
1955,12,17,0,24.6,16
1955,12,18,0,26.6,16.8
1955,12,19,8.4,24.8,16.6
1955,12,20,0,23.7,18.4
1955,12,21,0,25.1,16.8
1955,12,22,0,25,16.2
1955,12,23,0.6,26.7,16.8
1955,12,24,0,26.7,15.5
1955,12,25,0,26.9,16.4
1955,12,26,1.9,24.7,16.3
1955,12,27,1.3,24.3,18
1955,12,28,0,25.9,18.3
1955,12,29,3,24.3,17.3
1955,12,30,1.1,23.8,16.9
1955,12,31,0,23.2,15.2
1956,1,1,0,23.1,17.5
1956,1,2,4.7,23.7,18
1956,1,3,1.8,23.1,16.8
1956,1,4,0,22.6,16.9
1956,1,5,0,23.3,15.7
1956,1,6,0.3,23.8,15.9
1956,1,7,0,23.9,16
1956,1,8,8.8,22.8,15.3
1956,1,9,0,23.9,15.5
1956,1,10,2,23.2,15.3
1956,1,11,1.6,21.4,14.4
1956,1,12,0,22,14.2
1956,1,13,0.6,22.4,14.2
1956,1,14,0,22.6,17.3
1956,1,15,0,25.9,15.7
1956,1,16,0,26.1,14.8
1956,1,17,0,29,15.5
1956,1,18,0,29.1,13.5
1956,1,19,0,26.6,15
1956,1,20,0,27.7,16.8
1956,1,21,0,28.5,15.3
1956,1,22,0,28.3,15.5
1956,1,23,4.1,29.4,15.5
1956,1,24,0,26.5,16.6
1956,1,25,0.6,28.1,17.3
1956,1,26,5.8,27.5,17.3
1956,1,27,5.7,26.7,15.9
1956,1,28,0,27.6,17.9
1956,1,29,7.7,27.1,18.8
1956,1,30,0,27.5,17.3
1956,1,31,2.6,26.6,13
1956,2,1,0,25.2,17.1
1956,2,2,6.7,28.2,17
1956,2,3,3.1,27.4,18
1956,2,4,0,26.5,16.2
1956,2,5,9.2,27.6,18.6
1956,2,6,0,28.4,15.9
1956,2,7,0,27.7,18.9
1956,2,8,0,27.9,17.9
1956,2,9,0,27.2,16.4
1956,2,10,15.4,27.6,15.5
1956,2,11,3.2,28.2,16.1
1956,2,12,1.5,26.7,17.7
1956,2,13,1.8,28.2,17.7
1956,2,14,0,26.3,18.4
1956,2,15,0,28.2,16.6
1956,2,16,0,27,16.2
1956,2,17,0,28.2,18.8
1956,2,18,0,27.2,18.4
1956,2,19,0,27.8,18.6
1956,2,20,0,26.1,14.8
1956,2,21,0,28.5,18.8
1956,2,22,0,27.2,18.9
1956,2,23,0,28.4,17.9
1956,2,24,0,28,19.1
1956,2,25,0,27.9,15.9
1956,2,26,0,27.2,19.5
1956,2,27,2.6,29.1,18.4
1956,2,28,2.9,27.4,16.6
1956,2,29,0,28.2,18.4
1956,3,1,0,28,18.5
1956,3,2,0,27.1,16.9
1956,3,3,0,30.9,16.4
1956,3,4,0,28.9,18.4
1956,3,5,0,28.7,18.4
1956,3,6,0,29.7,17.1
1956,3,7,0.2,30.3,17.5
1956,3,8,0.3,25,19.5
1956,3,9,1.5,22.6,18
1956,3,10,0,27.2,16.9
1956,3,11,0,29.1,17.1
1956,3,12,0,29.9,17.3
1956,3,13,1.2,29,18
1956,3,14,0,29.1,18
1956,3,15,30.9,31,18.4
1956,3,16,8.4,29.1,16.2
1956,3,17,2.7,29,18
1956,3,18,1.1,25,18
1956,3,19,0.4,26.6,18.9
1956,3,20,0.7,27.1,18.8
1956,3,21,0,29.5,18.2
1956,3,22,4.4,27.1,18.2
1956,3,23,0,29.3,17.5
1956,3,24,0,27.8,20.2
1956,3,25,0,28.1,16.4
1956,3,26,0,29.4,15.5
1956,3,27,0,31.9,18
1956,3,28,0,33,16
1956,3,29,0,31.5,17.7
1956,3,30,0,33.1,18.8
1956,3,31,0,29.2,17.3
1956,4,1,0,29.9,19.1
1956,4,2,0,31.5,18
1956,4,3,0,30,18.8
1956,4,4,0,31.6,15.5
1956,4,5,0,31.7,19.1
1956,4,6,0,32.3,19.6
1956,4,7,0,29.9,19.7
1956,4,8,0,29.8,18.6
1956,4,9,0,31,18.4
1956,4,10,0.4,33.4,19.7
1956,4,11,0,30.1,20
1956,4,12,0,30.9,20
1956,4,13,0,31.1,19.3
1956,4,14,0,31.8,19.5
1956,4,15,0,36,20
1956,4,16,0,32.3,19.5
1956,4,17,0,32.8,20.7
1956,4,18,0,33,18.4
1956,4,19,0,33.2,19.1
1956,4,20,1.6,30.6,20.2
1956,4,21,0,31.8,20.4
1956,4,22,0,32.7,20.2
1956,4,23,0,32.9,19.3
1956,4,24,0,33.1,19.8
1956,4,25,0,32.8,20
1956,4,26,0.5,33.4,20.9
1956,4,27,0,32.9,18.6
1956,4,28,1.1,33.4,19.1
1956,4,29,0,32,19.1
1956,4,30,0,34,19.5
1956,5,1,0,28.6,20
1956,5,2,0,33.1,19.8
1956,5,3,5.2,30.6,19.8
1956,5,4,24.9,30.2,20
1956,5,5,6.3,28.9,19.8
1956,5,6,0.8,31.2,20.2
1956,5,7,3.7,30.2,19.6
1956,5,8,5.6,30,20.2
1956,5,9,4.4,31.6,21.1
1956,5,10,4.3,26.9,18.8
1956,5,11,5.2,29.3,20.4
1956,5,12,1.1,31.1,18.7
1956,5,13,2.8,28.1,17.8
1956,5,14,2.2,30.1,18
1956,5,15,11.1,30.4,19.1
1956,5,16,30.1,30.9,19.5
1956,5,17,6.8,30.1,19.5
1956,5,18,17.3,28.9,20.2
1956,5,19,4.1,27.9,19.7
1956,5,20,18.9,30,19.7
1956,5,21,7.8,29.3,19.8
1956,5,22,6.6,28.8,20.4
1956,5,23,10.9,30.9,20.7
1956,5,24,6.3,30.5,20.2
1956,5,25,21.4,29.5,18.6
1956,5,26,9.2,30.9,19
1956,5,27,11.2,30.9,19.1
1956,5,28,1.7,30.3,20.2
1956,5,29,15.8,30.2,19.5
1956,5,30,3.1,29.9,20.2
1956,5,31,5,26.4,19.8
1956,6,1,25.5,25.9,19.7
1956,6,2,49.8,25.5,20.2
1956,6,3,31.8,24.6,20.2
1956,6,4,12.7,24.9,19.8
1956,6,5,16.3,26,20.4
1956,6,6,11.5,25.3,20.2
1956,6,7,7.9,27.1,20.4
1956,6,8,1.5,25.8,19.8
1956,6,9,6,27.6,20.6
1956,6,10,7.9,25.9,20.2
1956,6,11,7.5,27.3,19.3
1956,6,12,26.7,26.3,19.5
1956,6,13,3.3,27.1,18.7
1956,6,14,18.5,27.7,18.7
1956,6,15,16.4,27.5,18
1956,6,16,36.1,27.1,19.5
1956,6,17,33.2,25.9,18
1956,6,18,16.6,26.3,20.2
1956,6,19,18.5,25.5,20.4
1956,6,20,8.6,24.2,20.6
1956,6,21,18.2,26.5,19.7
1956,6,22,1.3,26.8,20.2
1956,6,23,1.3,26.7,20.6
1956,6,24,0,25.8,20.6
1956,6,25,3,26.8,19.5
1956,6,26,9.9,26.4,20
1956,6,27,19,26.4,20.7
1956,6,28,1.3,24.8,20.7
1956,6,29,0.5,26.3,18.7
1956,6,30,0.8,25.9,18.7
1956,7,1,2.2,26.2,19.8
1956,7,2,2.8,26,19.5
1956,7,3,2.2,26.9,20.2
1956,7,4,0.3,27.1,19.8
1956,7,5,1.9,26.6,20.2
1956,7,6,2.7,25.9,20.6
1956,7,7,14.7,25.3,20.2
1956,7,8,1.7,25.7,20
1956,7,9,0.4,26.1,20.2
1956,7,10,7.8,25.2,20.7
1956,7,11,4.4,27,19.5
1956,7,12,17.9,25.4,19.9
1956,7,13,1.3,25.3,19.8
1956,7,14,14.1,25.9,19
1956,7,15,13.2,28.7,19.5
1956,7,16,2.7,25.9,19.1
1956,7,17,4.1,25.4,20.4
1956,7,18,0,25.8,18.9
1956,7,19,0.1,25.7,19.5
1956,7,20,0,26.2,17.8
1956,7,21,0,26.2,17.7
1956,7,22,0,26.4,19.3
1956,7,23,17.5,27.1,19.8
1956,7,24,2.4,27.8,20.2
1956,7,25,26.4,27.6,20.2
1956,7,26,3.6,26.4,19.5
1956,7,27,4.3,25.1,19.5
1956,7,28,2,26.5,20.2
1956,7,29,2.8,27.1,19.5
1956,7,30,3.2,26.2,19.8
1956,7,31,1.9,25.6,19.5
1956,8,1,2.7,23.7,19.5
1956,8,2,1.5,25,18.8
1956,8,3,5,26.2,19.7
1956,8,4,6.6,25.4,19.5
1956,8,5,1.7,26.2,19.8
1956,8,6,3,26.2,20.9
1956,8,7,6.3,25.9,19.8
1956,8,8,0,27.1,19.1
1956,8,9,2.3,27.6,19.1
1956,8,10,8.1,26.1,18.9
1956,8,11,0,27,19.8
1956,8,12,0.2,27.8,19.8
1956,8,13,2,26.2,19.7
1956,8,14,4.6,27.2,19.6
1956,8,15,10.8,28.3,19.5
1956,8,16,10.3,28,20
1956,8,17,1.7,26.9,20.7
1956,8,18,6.3,26,21.5
1956,8,19,0.5,27.3,20.6
1956,8,20,0,28.3,20.6
1956,8,21,0.3,28.2,20.2
1956,8,22,6.9,27.7,19.8
1956,8,23,9.5,27.8,19.5
1956,8,24,11.2,28.2,18.9
1956,8,25,0,27.7,19.8
1956,8,26,3.8,26.8,19.8
1956,8,27,5.2,26.6,20.6
1956,8,28,2.7,28.2,20.2
1956,8,29,1.2,27.8,20.2
1956,8,30,2,27.9,19.5
1956,8,31,2.2,26.6,16.5
1956,9,1,33.2,26.6,18.7
1956,9,2,2.5,27.1,19.8
1956,9,3,5.5,26.3,20.6
1956,9,4,2.3,26.4,20.4
1956,9,5,3.4,27.8,20
1956,9,6,10.2,27.4,20.3
1956,9,7,32.1,27.1,21.2
1956,9,8,14.4,27.1,20.7
1956,9,9,1.3,29.1,18.9
1956,9,10,2.4,26.5,19.5
1956,9,11,0,25.7,20.9
1956,9,12,3.3,27.4,20.9
1956,9,13,7,27.8,20.2
1956,9,14,11.7,26.8,20.2
1956,9,15,27,28,20.2
1956,9,16,9.8,26.7,20.6
1956,9,17,12.1,25.9,20.7
1956,9,18,14.3,26.4,20.7
1956,9,19,5.6,26.6,20.7
1956,9,20,31.5,26.2,21.3
1956,9,21,38.8,26.2,20.6
1956,9,22,31.3,26.1,20.2
1956,9,23,17.7,24.8,20.6
1956,9,24,19.6,26.7,21.1
1956,9,25,11.8,26.9,21.5
1956,9,26,9.3,27,19.7
1956,9,27,7.7,26.9,20.1
1956,9,28,2.1,26.5,19.5
1956,9,29,6.1,25.5,20.2
1956,9,30,3,25.7,19.3
1956,10,1,24.2,30.5,20
1956,10,2,13.9,27.4,20.4
1956,10,3,5.1,26.6,19.8
1956,10,4,13.3,26.2,20.7
1956,10,5,3.8,26.5,20.3
1956,10,6,18,27,20.5
1956,10,7,42.2,25.2,20.2
1956,10,8,8,25.1,20.7
1956,10,9,12,25.9,20.7
1956,10,10,12.2,25.9,20.9
1956,10,11,5.4,25.7,21.7
1956,10,12,4.5,25.3,21.7
1956,10,13,0.5,25.3,20.4
1956,10,14,2.8,27.4,18.9
1956,10,15,5.4,25.8,19.1
1956,10,16,3.9,26.2,18.4
1956,10,17,1.2,25.4,20.3
1956,10,18,0.1,26.7,19.8
1956,10,19,3,26.3,19.1
1956,10,20,28.2,26,20.2
1956,10,21,3,26.3,20.9
1956,10,22,8.2,23.6,20.7
1956,10,23,3.2,22.9,19.8
1956,10,24,4.8,24.2,19.8
1956,10,25,2,25.5,18.4
1956,10,26,0.3,26.3,19.5
1956,10,27,0,24.4,18
1956,10,28,0,22.5,16.2
1956,10,29,0,25.3,17.5
1956,10,30,0,25.8,18.6
1956,10,31,0,26.9,17.3
1956,11,1,0,27.3,17.7
1956,11,2,0,27.7,17.7
1956,11,3,0,26.7,17.7
1956,11,4,1.9,26.2,18.4
1956,11,5,0,24.9,17.9
1956,11,6,2.6,25,17.7
1956,11,7,8.9,24.1,18.4
1956,11,8,1.3,26.3,17
1956,11,9,1.3,24.5,17.5
1956,11,10,1.2,23.8,16.9
1956,11,11,0,23.4,17.9
1956,11,12,0,25,16.9
1956,11,13,0,25.7,18.8
1956,11,14,0,26.1,17.5
1956,11,15,0,27.2,16.9
1956,11,16,0,26.3,17.3
1956,11,17,0.4,25.2,17.5
1956,11,18,0,24.3,18.6
1956,11,19,0,24.4,16.4
1956,11,20,0,26.5,17.7
1956,11,21,9.3,25.6,17.5
1956,11,22,1.7,25.6,15.9
1956,11,23,1.7,24.9,17.3
1956,11,24,2.2,23.1,17.2
1956,11,25,0,24.8,16.6
1956,11,26,4.6,25,14.8
1956,11,27,0.6,22.2,17.1
1956,11,28,3,25.1,16.6
1956,11,29,0.8,26.7,17
1956,11,30,1.7,25.3,18
1956,12,1,6.3,24.2,16.6
1956,12,2,2.5,22.4,18.8
1956,12,3,1.3,22.6,18
1956,12,4,0.4,23.5,19.1
1956,12,5,0.6,24.8,19.5
1956,12,6,3,26.5,18.4
1956,12,7,6.1,25.6,18.4
1956,12,8,15.1,25.6,18.8
1956,12,9,3.8,25.8,18.4
1956,12,10,3,27.3,17.3
1956,12,11,0,24.8,17.3
1956,12,12,0,26.1,14.5
1956,12,13,0,27,14.5
1956,12,14,0,26.2,18.7
1956,12,15,0.6,25.9,18
1956,12,16,0.4,25.3,16.6
1956,12,17,0.2,26.1,17.7
1956,12,18,0,26.1,17
1956,12,19,0,25.4,18.8
1956,12,20,1.9,24.8,16.8
1956,12,21,0,25.5,17.7
1956,12,22,0,25.8,17.3
1956,12,23,0,27.1,18
1956,12,24,0,26.6,15.5
1956,12,25,0.4,24.6,17.3
1956,12,26,3.8,23.4,17.3
1956,12,27,1.3,21.8,17
1956,12,28,1.3,24.4,16.6
1956,12,29,0,23.5,16.8
1956,12,30,0,23,16.1
1956,12,31,0,21.4,15.2
1957,1,1,0,25.4,14.4
1957,1,2,0,23.9,15.5
1957,1,3,0,22.2,14.4
1957,1,4,0,25.6,16.4
1957,1,5,1.6,25.2,16
1957,1,6,0,26.3,16.2
1957,1,7,0,26,17.6
1957,1,8,0,24.9,15.9
1957,1,9,0,25.3,15.9
1957,1,10,2,24.6,10.9
1957,1,11,5.6,24.1,12.3
1957,1,12,0,24.5,18
1957,1,13,0,24.8,15.9
1957,1,14,5.7,25,14.1
1957,1,15,0,24.9,14.2
1957,1,16,2.9,24.9,13.7
1957,1,17,2.9,25.4,16.2
1957,1,18,14.6,25.2,16.8
1957,1,19,5.8,22.3,14.4
1957,1,20,1.2,23.7,16.2
1957,1,21,0,24,17.7
1957,1,22,0,25.7,17.7
1957,1,23,0,24.1,15.9
1957,1,24,0.6,23.9,16.9
1957,1,25,0,24.8,17.7
1957,1,26,0,23.9,15.1
1957,1,27,0.1,24.5,14.6
1957,1,28,0,25.6,15.1
1957,1,29,0,24.8,16.2
1957,1,30,0,25.1,16.2
1957,1,31,0,25.1,14.5
1957,2,1,0,26.6,15.5
1957,2,2,1.2,23.7,15.9
1957,2,3,1.2,26,17.3
1957,2,4,6.7,25.4,16.9
1957,2,5,5.2,25.3,17.1
1957,2,6,7.3,25.5,16.6
1957,2,7,1.2,24.6,18
1957,2,8,5.3,23.1,17.7
1957,2,9,4.1,24.8,16.2
1957,2,10,0.6,24.4,17.7
1957,2,11,0.3,25.7,18
1957,2,12,0,24,17.7
1957,2,13,0,25.2,17.7
1957,2,14,0,24.1,16.2
1957,2,15,0,25,15.2
1957,2,16,0,25.3,14.1
1957,2,17,0.6,25.7,15.7
1957,2,18,0,27.4,15
1957,2,19,0,27,17.7
1957,2,20,0,28.2,18.2
1957,2,21,5,26.8,19.1
1957,2,22,10.3,29,19.8
1957,2,23,23.2,26,15.5
1957,2,24,0,27.5,15.9
1957,2,25,13.7,28.3,17
1957,2,26,2.6,26.1,16.8
1957,2,27,10.5,24.5,15.1
1957,2,28,0,27.6,10.9
1957,3,1,0,28.4,15.5
1957,3,2,0,30.7,14.1
1957,3,3,0,31.9,15.9
1957,3,4,0,30.7,13.7
1957,3,5,0,31.6,16.6
1957,3,6,0,27.7,15.3
1957,3,7,0,29,18.4
1957,3,8,0,22.7,15.1
1957,3,9,0,27.2,17.5
1957,3,10,0,28,14.3
1957,3,11,0,29.8,15
1957,3,12,0,31.2,17.7
1957,3,13,0,27.5,18.8
1957,3,14,2.6,30.2,18
1957,3,15,0,29.4,17.3
1957,3,16,0,30.6,17.1
1957,3,17,0,30.2,17.1
1957,3,18,0,32.5,19.1
1957,3,19,0,32.3,19.1
1957,3,20,0,32.5,15.9
1957,3,21,3.8,32.4,17.7
1957,3,22,0,34.1,18
1957,3,23,0,35.7,15.9
1957,3,24,0,32.6,17.5
1957,3,25,3.5,27.3,19.8
1957,3,26,4.4,28.4,17
1957,3,27,0,25.6,18.8
1957,3,28,3.7,29.4,19.1
1957,3,29,7.9,26.2,17.7
1957,3,30,0,26.4,18
1957,3,31,16.7,30.7,16.6
1957,4,1,21.8,30.2,17.7
1957,4,2,0,32,17.2
1957,4,3,0,32.7,16.4
1957,4,4,0,33.7,18
1957,4,5,0,30.7,19.8
1957,4,6,0.1,27,19.5
1957,4,7,0,30,17.3
1957,4,8,0,30.6,19.1
1957,4,9,0.2,28.5,17.7
1957,4,10,7.7,28,19.3
1957,4,11,0,29.2,19.1
1957,4,12,0.1,30.1,18.8
1957,4,13,20.6,30,19.1
1957,4,14,0,31.7,18.8
1957,4,15,0,29.2,16.8
1957,4,16,0,31.2,17
1957,4,17,0,31,19.5
1957,4,18,0,29.2,17.7
1957,4,19,7.7,28.5,17.3
1957,4,20,0,29.3,17.3
1957,4,21,11.1,29.2,17.7
1957,4,22,0,28.4,18.4
1957,4,23,0,31.7,17.7
1957,4,24,5.7,30.3,17
1957,4,25,0,31.9,17
1957,4,26,2.6,30.6,17.7
1957,4,27,0,31.8,16
1957,4,28,4,31.3,17.3
1957,4,29,14.5,31.2,14.4
1957,4,30,7.6,29.5,19.5
1957,5,1,6.4,28.8,20.2
1957,5,2,3.7,30.1,18.8
1957,5,3,3.8,31.3,19.8
1957,5,4,3.9,30.1,19.5
1957,5,5,5,28.6,19.5
1957,5,6,2.4,26.7,20.6
1957,5,7,1.5,26.7,20
1957,5,8,4.1,24.7,19.1
1957,5,9,14.8,29,16.6
1957,5,10,6.1,30.7,17.6
1957,5,11,0.1,31.9,18
1957,5,12,3.2,33.2,18.4
1957,5,13,0,32.5,19.5
1957,5,14,0.3,31.2,19.7
1957,5,15,0.1,32.3,18.4
1957,5,16,0.1,32.4,18
1957,5,17,0,32.9,18.4
1957,5,18,0,32.3,19.1
1957,5,19,0,34.2,19.5
1957,5,20,1.6,32.3,19.8
1957,5,21,0.6,33.9,18.3
1957,5,22,0,34.2,18.9
1957,5,23,0,34.9,19.6
1957,5,24,0,32.9,19.7
1957,5,25,6.3,33,19.4
1957,5,26,0.4,30.6,18.7
1957,5,27,1.4,29.7,18.1
1957,5,28,14.5,29.7,19.2
1957,5,29,0.5,30.1,20
1957,5,30,0.5,32.3,18.6
1957,5,31,0.6,32.9,17.5
1957,6,1,4.6,30.7,19.6
1957,6,2,2.4,29.3,18.3
1957,6,3,17.2,28.4,20.6
1957,6,4,4.7,29.8,20.8
1957,6,5,19.6,29.1,21.1
1957,6,6,21.5,28.7,20.9
1957,6,7,4.9,28.7,20
1957,6,8,3.9,30.6,19.5
1957,6,9,2.3,30.8,20.3
1957,6,10,0,32.1,19.7
1957,6,11,0,32,19.7
1957,6,12,0,32.4,19.3
1957,6,13,3.7,32.9,22.3
1957,6,14,4.6,32.7,20.4
1957,6,15,20.7,32.6,19.8
1957,6,16,25.8,28.9,20.1
1957,6,17,16.6,29.3,20.8
1957,6,18,37.9,30.1,20.7
1957,6,19,15.8,27,18.4
1957,6,20,26.5,27.7,20.6
1957,6,21,26.8,29.2,20.8
1957,6,22,9,28.3,19
1957,6,23,6.8,28.4,20.2
1957,6,24,8.2,29.1,19.6
1957,6,25,4.4,28.8,19.5
1957,6,26,17.4,30.1,20.2
1957,6,27,1.7,30.3,17.8
1957,6,28,6,31.4,18.1
1957,6,29,2.3,30.9,19.6
1957,6,30,15.1,30.8,19.1
1957,7,1,2.6,26.8,19.8
1957,7,2,2,28.1,20
1957,7,3,3.7,28.2,19
1957,7,4,0.1,29.8,20.1
1957,7,5,5.7,29.1,19.6
1957,7,6,20.4,29.9,20.1
1957,7,7,1.8,28.6,19.9
1957,7,8,3.3,28.4,20.1
1957,7,9,4.9,29.2,19.2
1957,7,10,5.5,29.4,17.9
1957,7,11,12.2,30.1,19.1
1957,7,12,6.6,29,19.6
1957,7,13,8.2,29.2,20.3
1957,7,14,12.4,28,20.7
1957,7,15,10.2,29.4,19.8
1957,7,16,16.9,29.1,19
1957,7,17,0.1,31.8,20.1
1957,7,18,7.4,28.7,20
1957,7,19,7.6,28.9,17.2
1957,7,20,14.1,30.7,19.9
1957,7,21,23.9,29.5,20.8
1957,7,22,15.3,30.6,21
1957,7,23,6.4,27.8,19.6
1957,7,24,10.7,28.8,19.4
1957,7,25,17.8,28.8,20.1
1957,7,26,2.9,28.1,20.3
1957,7,27,1.2,28.1,19.7
1957,7,28,1.3,29.3,20.3
1957,7,29,8.5,29.4,19.8
1957,7,30,0.5,28.6,19.2
1957,7,31,1.4,30,17.9
1957,8,1,1.4,30.2,19.5
1957,8,2,4.9,30.3,19.8
1957,8,3,12.8,30.4,20.2
1957,8,4,11.9,30.1,19
1957,8,5,7.6,29.9,20.6
1957,8,6,0.6,30.2,18.5
1957,8,7,9.4,29.2,20.7
1957,8,8,5.4,29.1,18.6
1957,8,9,2.5,29.9,18.2
1957,8,10,2.9,30.4,19.5
1957,8,11,7.1,30.2,19.5
1957,8,12,7.9,29.3,18
1957,8,13,12.8,28.2,19.5
1957,8,14,17.3,29.7,19.7
1957,8,15,7.4,28.7,18.1
1957,8,16,22.4,29.1,18.7
1957,8,17,5,29.2,19.3
1957,8,18,6.3,30.1,19.4
1957,8,19,3.6,30.6,19.2
1957,8,20,6.9,29.1,20
1957,8,21,0.5,29.7,19.6
1957,8,22,7.4,29.7,19.2
1957,8,23,3.1,28.1,19.3
1957,8,24,10.3,29.8,19.6
1957,8,25,2.1,30.3,19.1
1957,8,26,3.6,30,19.3
1957,8,27,27.7,29.7,18.7
1957,8,28,5.8,29.7,18.5
1957,8,29,8.3,29.6,18.8
1957,8,30,0.8,29.5,19.7
1957,8,31,7.9,29.3,19.8
1957,9,1,4.6,28.3,19.5
1957,9,2,4.4,29.5,19.1
1957,9,3,10.3,29.1,19.7
1957,9,4,15.7,29.4,20.2
1957,9,5,18.4,29.2,19.8
1957,9,6,23.2,28.3,20.5
1957,9,7,35.7,28.5,20.5
1957,9,8,18.1,26.9,20.6
1957,9,9,7.6,28.5,19.8
1957,9,10,6.3,28.8,20.4
1957,9,11,2.2,28.6,20.2
1957,9,12,4.5,30.3,19.5
1957,9,13,7.4,30,18
1957,9,14,12.6,28.1,20.6
1957,9,15,27.9,28,21.3
1957,9,16,46.6,29.5,21.1
1957,9,17,27.7,28.8,20.2
1957,9,18,23.4,29.6,20.1
1957,9,19,1.5,29,19.3
1957,9,20,4,29.5,18.8
1957,9,21,3.7,30,19.5
1957,9,22,0.7,31.2,18.8
1957,9,23,8.1,29.8,19.3
1957,9,24,8.8,29.6,17.7
1957,9,25,21,29.4,20.6
1957,9,26,28.5,29.5,17.3
1957,9,27,39.1,28.8,20.2
1957,9,28,5.8,27.6,20.2
1957,9,29,4.7,29.7,19.3
1957,9,30,8.9,22.2,18.7
1957,10,1,0,25.8,19.4
1957,10,2,0,26.4,18.7
1957,10,3,0,27.4,19.4
1957,10,4,0.4,28,20.4
1957,10,5,0.9,28.4,16.6
1957,10,6,1.9,29.5,17.7
1957,10,7,4.4,30,18.8
1957,10,8,8,27.8,19
1957,10,9,4.1,26.8,19.3
1957,10,10,3.8,28.4,19.3
1957,10,11,4.3,28.6,18.5
1957,10,12,2.4,26.8,19.2
1957,10,13,0.5,28.1,19.2
1957,10,14,0.2,30.7,19.4
1957,10,15,0,31.6,19
1957,10,16,2.2,29.7,19.5
1957,10,17,1.8,29.6,20
1957,10,18,4,27.7,19.5
1957,10,19,3,26.7,19.3
1957,10,20,1.9,27.5,19.6
1957,10,21,2.3,27.3,19.9
1957,10,22,3.2,27.8,17.8
1957,10,23,5.1,31.1,18.7
1957,10,24,3.1,26.8,17.3
1957,10,25,19.7,26.9,17.6
1957,10,26,8,23.2,17.2
1957,10,27,1.8,21.3,16.6
1957,10,28,0,21.6,15.3
1957,10,29,0,25.3,14.1
1957,10,30,0,25.5,14.8
1957,10,31,0,24.9,15.9
1957,11,1,0.3,26.6,16.2
1957,11,2,0,28.4,16.7
1957,11,3,0.4,28.2,16.6
1957,11,4,0.4,30.2,17.9
1957,11,5,0.8,27.4,17.1
1957,11,6,0,28.6,16.2
1957,11,7,4.7,28.8,15
1957,11,8,1.2,29.3,17.7
1957,11,9,9.4,24.9,16.2
1957,11,10,3.9,27.4,19
1957,11,11,2.1,26.4,17.6
1957,11,12,0,27.6,16.4
1957,11,13,0,29.5,16
1957,11,14,0,29.7,18.2
1957,11,15,0,29.3,16.6
1957,11,16,0,29.4,17.4
1957,11,17,0,30.8,17
1957,11,18,0,29.9,18.9
1957,11,19,0.4,28.8,16.8
1957,11,20,0.4,29.1,19.3
1957,11,21,0.8,28.7,18.4
1957,11,22,6.3,28.7,16.9
1957,11,23,0,28.8,19.1
1957,11,24,9.5,27.2,19.2
1957,11,25,5.8,24.2,16.5
1957,11,26,0.4,24.3,16.9
1957,11,27,0,25.8,16.9
1957,11,28,14.2,28,16.3
1957,11,29,0.8,28,16.8
1957,11,30,11.2,26.2,17.9
1957,12,1,0.4,18.5,14.3
1957,12,2,2.5,23.1,14.2
1957,12,3,0.6,26,16.1
1957,12,4,5.7,22.7,16.7
1957,12,5,4.7,22.7,17.9
1957,12,6,1.8,25.5,17.4
1957,12,7,0,28.5,15.7
1957,12,8,3.4,28.7,16.2
1957,12,9,0.7,18.3,13.6
1957,12,10,0,25.4,11
1957,12,11,0,19.5,12.8
1957,12,12,0,21,11.1
1957,12,13,0.6,22.5,13.6
1957,12,14,2.5,23.9,15.1
1957,12,15,4.1,23.4,17.2
1957,12,16,0.3,24.1,16.2
1957,12,17,0.8,22.6,17.1
1957,12,18,0.2,26.2,15.7
1957,12,19,0,27.3,14.2
1957,12,20,0,26.7,12.3
1957,12,21,3.6,27.1,14.3
1957,12,22,5,26.1,17.9
1957,12,23,11.5,24.2,17.9
1957,12,24,0.6,25.1,17.9
1957,12,25,2.6,23.7,17.6
1957,12,26,2.1,23.5,17
1957,12,27,1.9,24,16.6
1957,12,28,0.2,24.8,16.6
1957,12,29,2.1,25,16
1957,12,30,0.7,25.8,16.6
1957,12,31,0,26.5,17.1
1958,1,1,3.9,27.4,15.4
1958,1,2,0.4,20.3,16.7
1958,1,3,5.6,22,15.6
1958,1,4,1.3,22.9,14.6
1958,1,5,0.9,25.8,15.6
1958,1,6,0,26.6,14.4
1958,1,7,0.2,18.3,15.7
1958,1,8,0.5,14.7,13
1958,1,9,0,20.8,13.7
1958,1,10,0,23.3,13.6
1958,1,11,0,24.2,14.6
1958,1,12,0.6,27.8,15.6
1958,1,13,0,25.6,16.8
1958,1,14,0,25.9,17
1958,1,15,1.1,25.2,15.8
1958,1,16,1.6,20.2,14.6
1958,1,17,2.6,17.5,14.1
1958,1,18,0,18,14.2
1958,1,19,1.4,23.5,15.1
1958,1,20,0,22.8,16.4
1958,1,21,0,26.8,17.5
1958,1,22,0.2,27.3,17.2
1958,1,23,0,24.8,18.8
1958,1,24,1.1,23,16.8
1958,1,25,0,28.9,13.3
1958,1,26,0,29.1,13
1958,1,27,0,29,14.4
1958,1,28,0,31.6,15.8
1958,1,29,0.8,26.2,16.3
1958,1,30,0,25.6,17.8
1958,1,31,0,28.6,15.3
1958,2,1,1.1,27.7,13.5
1958,2,2,0,23.4,15.5
1958,2,3,0,22.1,15.4
1958,2,4,0.5,25,13.5
1958,2,5,1.4,25.7,12
1958,2,6,0,28.9,12
1958,2,7,0,24.8,11.5
1958,2,8,0,27.8,11.5
1958,2,9,0,26.4,11.3
1958,2,10,0,29.5,11.4
1958,2,11,0,26.7,13.9
1958,2,12,0.5,29.3,15.3
1958,2,13,0.9,25.9,16
1958,2,14,0,25.7,14.1
1958,2,15,0.7,24.7,15.5
1958,2,16,0,26.1,13.7
1958,2,17,0,27.3,12.3
1958,2,18,0.1,26.7,14.7
1958,2,19,1.8,23.4,15.9
1958,2,20,0,25.1,16.4
1958,2,21,1.2,25.4,17.4
1958,2,22,3.2,30.1,15.6
1958,2,23,0,31.3,17.7
1958,2,24,0.9,30,16.6
1958,2,25,0.7,25.9,17.3
1958,2,26,0,30,16.7
1958,2,27,0,32.5,14.9
1958,2,28,0,28.3,14.7
1958,3,1,0,32.8,17
1958,3,2,0,32.6,16.9
1958,3,3,6.7,31.9,18.8
1958,3,4,0,31.9,17.7
1958,3,5,0,32.8,16.7
1958,3,6,4,29.5,18.9
1958,3,7,0,30.9,17.5
1958,3,8,0,30.5,19.3
1958,3,9,9.5,32.6,18.3
1958,3,10,0,33.2,19.1
1958,3,11,12,32.5,18.9
1958,3,12,0.4,30.8,18.9
1958,3,13,10.9,30.5,20.1
1958,3,14,4.5,27.5,19.3
1958,3,15,1.3,27.9,18.4
1958,3,16,3.2,29.9,17.9
1958,3,17,0.6,32.3,17.6
1958,3,18,3.1,32.5,19.1
1958,3,19,1.5,24.7,19.3
1958,3,20,2.5,22.6,16.2
1958,3,21,0,23.2,14.9
1958,3,22,4.7,30.5,14.7
1958,3,23,0,32,18.1
1958,3,24,11.1,27.6,17.8
1958,3,25,0,31.4,18.1
1958,3,26,0,29.8,19.5
1958,3,27,0,30.7,18.2
1958,3,28,0,31.8,18.4
1958,3,29,0,34.5,17.7
1958,3,30,0,32.2,17.7
1958,3,31,0,30.2,20.2
1958,4,1,0,32,19.4
1958,4,2,0,32.4,19.2
1958,4,3,9.9,35.1,18.9
1958,4,4,0,32.8,18.6
1958,4,5,0,33.1,17.8
1958,4,6,0,30.4,16.9
1958,4,7,0,29.1,19.7
1958,4,8,0,31.2,17.3
1958,4,9,0,32.8,16.9
1958,4,10,0,32.7,17.8
1958,4,11,0,30.9,19.9
1958,4,12,0,30.8,19.5
1958,4,13,0,32.7,15.7
1958,4,14,0.8,32.1,19.4
1958,4,15,0,30.6,20.1
1958,4,16,0,28.2,20.9
1958,4,17,0,28.6,17.9
1958,4,18,0,32.1,16.5
1958,4,19,0,32.4,19.5
1958,4,20,0,31.1,19.1
1958,4,21,0,29.3,18.9
1958,4,22,11.9,34.1,18.2
1958,4,23,3.5,29.8,18.6
1958,4,24,0,31.7,19.3
1958,4,25,0,32.8,19.7
1958,4,26,0,29.9,19.4
1958,4,27,0,33.4,17.9
1958,4,28,0,32.2,18.8
1958,4,29,0,33.4,17.7
1958,4,30,0,32.4,18
1958,5,1,0,29.1,18.7
1958,5,2,0,32.6,17.6
1958,5,3,0,32.9,18.8
1958,5,4,0,31.4,18.3
1958,5,5,0,32,18.7
1958,5,6,0,30.7,19.1
1958,5,7,0,30.1,16.8
1958,5,8,0,33.7,15.9
1958,5,9,0,33.5,18.1
1958,5,10,0,30.5,18.7
1958,5,11,6.4,35.2,20.4
1958,5,12,0.3,32.8,21.5
1958,5,13,3.9,32.1,19.6
1958,5,14,2.5,29.5,18.1
1958,5,15,3.2,30.2,18.8
1958,5,16,6.5,30.5,18.8
1958,5,17,5.4,30.1,18.7
1958,5,18,10.3,30.1,17.9
1958,5,19,7.1,32.4,20.1
1958,5,20,6.5,29.8,19.6
1958,5,21,5.1,26.2,20.2
1958,5,22,8.5,27.4,20
1958,5,23,6.9,29.7,21.2
1958,5,24,11.4,30.8,19
1958,5,25,4,30.4,19.1
1958,5,26,5.7,29.8,18.4
1958,5,27,0,30.6,19
1958,5,28,4.8,28.7,18.8
1958,5,29,12.4,28.6,19.6
1958,5,30,3.7,29.9,20.2
1958,5,31,2.5,28.1,18.3
1958,6,1,6.9,31.2,20.7
1958,6,2,11.3,28.7,20.1
1958,6,3,14,29.9,19
1958,6,4,12.3,29.8,18.2
1958,6,5,16,26.5,18.5
1958,6,6,23.6,27.7,21
1958,6,7,3.9,29.2,21
1958,6,8,33.8,28.6,20.7
1958,6,9,8.1,26.8,20.4
1958,6,10,29.7,30.5,21
1958,6,11,24.2,30.5,20.9
1958,6,12,20.8,27.7,20.6
1958,6,13,15.1,28.9,20.9
1958,6,14,15.1,29.5,17.9
1958,6,15,11.1,28.8,19.5
1958,6,16,13.9,31.8,18.5
1958,6,17,8.9,30.4,19.6
1958,6,18,3.2,31.1,19.6
1958,6,19,0,29.2,19.2
1958,6,20,7.5,32.7,19.6
1958,6,21,6.6,29.2,19
1958,6,22,6,30.9,18.2
1958,6,23,13.4,32.6,19.4
1958,6,24,23.7,30.2,20.1
1958,6,25,4.7,30.9,17
1958,6,26,0.6,30.5,19.7
1958,6,27,4.1,31.4,20.7
1958,6,28,7,30.9,20.2
1958,6,29,21.4,29.6,19.8
1958,6,30,10,30.5,18.7
1958,7,1,20.7,29.5,19.1
1958,7,2,6.7,30.7,20.9
1958,7,3,21.1,28.6,20.2
1958,7,4,44.1,29.5,20.9
1958,7,5,20.4,28.1,20.6
1958,7,6,21.8,30.6,19.1
1958,7,7,13.6,29.4,20.2
1958,7,8,14.7,27.8,20.2
1958,7,9,4.6,27.7,19.1
1958,7,10,15.7,29.5,20.2
1958,7,11,9.6,28,18
1958,7,12,18.1,26.7,19.1
1958,7,13,11.8,29,19.5
1958,7,14,25.9,29.4,19.1
1958,7,15,11.4,27.8,19.8
1958,7,16,3,29,19.6
1958,7,17,14.6,29.3,18.4
1958,7,18,1,28.9,18.8
1958,7,19,6.3,29.1,20
1958,7,20,1.6,29.2,19.5
1958,7,21,12.6,31.6,18.8
1958,7,22,8.5,30,18.4
1958,7,23,21.6,30.7,18.8
1958,7,24,5,25.6,20.6
1958,7,25,3.2,29.8,20.9
1958,7,26,2.8,30,20.2
1958,7,27,17.7,29.1,19.5
1958,7,28,23.4,27.3,18.8
1958,7,29,22.8,29.5,19.5
1958,7,30,2.3,29.7,19.8
1958,7,31,4.7,29.1,16.6
1958,8,1,11.9,25.2,18.6
1958,8,2,0,27.6,18.6
1958,8,3,1.2,27.7,18.8
1958,8,4,0.6,27.9,17.4
1958,8,5,6.3,27.8,18.4
1958,8,6,2,28.4,18.7
1958,8,7,3.5,30.3,18.7
1958,8,8,9.1,28.6,20.1
1958,8,9,9.1,30.1,20.1
1958,8,10,6.5,28.8,18.9
1958,8,11,17.7,30,20.1
1958,8,12,20.2,29.3,19.7
1958,8,13,4,28.3,18.9
1958,8,14,4.4,29.5,19.8
1958,8,15,0.7,30.8,20
1958,8,16,0.4,31.2,19.9
1958,8,17,0,31.4,19
1958,8,18,3.7,31.4,19.9
1958,8,19,9.6,31.5,19
1958,8,20,2.2,29.7,19.9
1958,8,21,3.3,29.9,18.5
1958,8,22,1.6,31.2,19.1
1958,8,23,8.6,29.2,19.3
1958,8,24,12.2,29.1,19
1958,8,25,12.9,31.3,18.1
1958,8,26,8.1,29.9,19.3
1958,8,27,10.5,30.2,19.5
1958,8,28,7.8,29.3,19.6
1958,8,29,7.1,31.4,19.5
1958,8,30,7.5,28.8,20.4
1958,8,31,19.8,28.8,19.5
1958,9,1,3.1,29.5,20.2
1958,9,2,2.6,30,20.7
1958,9,3,10.3,28.9,20.2
1958,9,4,24.7,28.9,20.9
1958,9,5,12.8,30.3,20.2
1958,9,6,2.3,28.8,19.8
1958,9,7,1.6,28.9,20.2
1958,9,8,1.2,30,20.7
1958,9,9,7.2,29.5,19.8
1958,9,10,14.1,30.5,19.5
1958,9,11,23.2,28.1,18.8
1958,9,12,7.6,28.9,19.5
1958,9,13,7,28.1,19.1
1958,9,14,2.9,29.1,20.6
1958,9,15,0.2,28.4,20.2
1958,9,16,9.3,31.2,19.8
1958,9,17,29.7,27.8,20.2
1958,9,18,19.9,27.5,19.5
1958,9,19,0,26.9,19.8
1958,9,20,4,30.3,19.1
1958,9,21,0,30.3,18.7
1958,9,22,0,31.1,18.8
1958,9,23,1.3,26.6,18
1958,9,24,9.8,28.8,18.8
1958,9,25,4.2,29.7,19.7
1958,9,26,13.4,30.1,20.2
1958,9,27,22.1,28.5,20.6
1958,9,28,6.5,30.1,20.2
1958,9,29,30.5,28,19.1
1958,9,30,0.4,29.4,19.8
1958,10,1,1.6,29.5,19.9
1958,10,2,0,28.3,20.4
1958,10,3,0,28.9,19.3
1958,10,4,7.5,27.9,18.9
1958,10,5,15.7,27.9,18.7
1958,10,6,14.7,28.1,18.6
1958,10,7,16.2,30.1,18.7
1958,10,8,19.4,30,19.6
1958,10,9,22.1,29.1,20.7
1958,10,10,19.7,29.5,19.7
1958,10,11,16,27.8,17.8
1958,10,12,3.3,29.3,19.4
1958,10,13,14.2,28.7,19.9
1958,10,14,8,26,19.4
1958,10,15,0,29.4,19.9
1958,10,16,2.9,28.6,19.2
1958,10,17,0,29.8,18.1
1958,10,18,8.6,30.5,19.3
1958,10,19,0.4,29.6,18.7
1958,10,20,11.7,28.9,18.8
1958,10,21,8.7,29.3,18.9
1958,10,22,0.5,30.3,20
1958,10,23,0.5,25.4,19.2
1958,10,24,8.4,26.1,19.5
1958,10,25,0,24.9,18.4
1958,10,26,0,28.4,16.4
1958,10,27,0,27.7,17.8
1958,10,28,0,28.5,18.4
1958,10,29,0.4,30,19.5
1958,10,30,11.7,30.5,19.8
1958,10,31,5.7,28.5,18.5
1958,11,1,0,29.4,19.1
1958,11,2,0,27.6,18
1958,11,3,0.4,30.6,18.4
1958,11,4,0,30.3,20.2
1958,11,5,9.3,29.5,20
1958,11,6,0,30.9,19.5
1958,11,7,0.8,29.3,19.1
1958,11,8,2.5,29.3,16.6
1958,11,9,0.2,29.1,17
1958,11,10,0.8,29.5,17.3
1958,11,11,11,28,19.1
1958,11,12,4.6,25.6,19.5
1958,11,13,0,28.7,19.5
1958,11,14,0.4,30.3,18.4
1958,11,15,2.2,28.2,17.7
1958,11,16,0,28.9,17.3
1958,11,17,0,30.7,18.4
1958,11,18,3.1,28.4,20.6
1958,11,19,5.3,26.4,17.7
1958,11,20,0.5,28.6,17.7
1958,11,21,3.5,28.5,17.7
1958,11,22,3.9,27.6,18.4
1958,11,23,0,28.3,18
1958,11,24,0,28.1,19.5
1958,11,25,0,28.4,17.9
1958,11,26,0,28.8,17.7
1958,11,27,1.9,28.4,17
1958,11,28,9.8,28.9,17.1
1958,11,29,6.8,29.2,18.8
1958,11,30,6.7,26.7,14.5
1958,12,1,11,21.8,16.8
1958,12,2,14.7,26.3,16.6
1958,12,3,1.1,28,18.8
1958,12,4,0.4,26.7,18.8
1958,12,5,0.2,27.6,18.3
1958,12,6,0.2,28.7,18.3
1958,12,7,3.2,26.7,19.3
1958,12,8,0,27.1,18.6
1958,12,9,0.8,28.3,16.8
1958,12,10,0,26.8,18.4
1958,12,11,6.4,26.3,17.4
1958,12,12,2.3,26.9,17.6
1958,12,13,8.8,28.4,18.2
1958,12,14,13.9,28,19
1958,12,15,5.3,24.8,18.6
1958,12,16,1.8,19.9,16.3
1958,12,17,1.2,20.8,16.7
1958,12,18,0.2,21.1,14.8
1958,12,19,0,23.7,11.7
1958,12,20,3.2,25,14
1958,12,21,1.5,25.1,17.8
1958,12,22,2.8,21.9,15.5
1958,12,23,1.9,22.4,17.1
1958,12,24,2,23.9,16.5
1958,12,25,1,26,18.2
1958,12,26,14.5,26.3,17.3
1958,12,27,5.5,25.2,17.9
1958,12,28,1.7,25.3,18.8
1958,12,29,1.6,25.8,18.3
1958,12,30,2,25.4,17.9
1958,12,31,2.6,27,17.6
1959,1,1,0.4,25.3,17.1
1959,1,2,3.2,28.8,15.6
1959,1,3,0,28.4,16.4
1959,1,4,0,28.6,16
1959,1,5,0.6,26.4,16.7
1959,1,6,3,24.5,16.5
1959,1,7,2.8,25.2,16
1959,1,8,5.6,23.9,13.2
1959,1,9,10.2,24.2,15.1
1959,1,10,0,23.5,14.1
1959,1,11,0,25.3,15.6
1959,1,12,1.8,20.6,16.5
1959,1,13,2.4,22.1,15.4
1959,1,14,4,23.6,15.6
1959,1,15,4.3,26.4,14.1
1959,1,16,1.5,26.3,16.7
1959,1,17,0.6,23.8,16
1959,1,18,0.5,23.7,16.1
1959,1,19,0.4,25.6,15.8
1959,1,20,0,28,14.4
1959,1,21,1.8,27,16.1
1959,1,22,2.1,21.9,16.6
1959,1,23,5,20.2,16.5
1959,1,24,0.7,22,16.8
1959,1,25,1.5,25.7,16.8
1959,1,26,1.6,25.7,17.1
1959,1,27,3,28.6,16.5
1959,1,28,0.9,27.9,16.6
1959,1,29,1.9,27.7,17.4
1959,1,30,5.8,27,15.9
1959,1,31,1.3,24.3,18.3
1959,2,1,3.7,26.7,17
1959,2,2,0.4,27.1,16.3
1959,2,3,0.9,27.4,17.1
1959,2,4,0.2,29.8,17.6
1959,2,5,0,26.8,18.9
1959,2,6,7.8,28.6,16.7
1959,2,7,3.8,26.7,17.2
1959,2,8,2.8,25.5,15.7
1959,2,9,0.4,26.5,17.9
1959,2,10,0.7,26.9,14.3
1959,2,11,0.4,27.2,15.3
1959,2,12,1.7,26,16.2
1959,2,13,1.8,26.8,15.9
1959,2,14,0,29.2,15.1
1959,2,15,0,27.1,14.3
1959,2,16,0.4,28,16.3
1959,2,17,0,29.6,15.6
1959,2,18,0,30.7,14.7
1959,2,19,0,30.3,15.1
1959,2,20,3.7,27.8,15.7
1959,2,21,7.9,28.6,16.4
1959,2,22,4,29.5,15.4
1959,2,23,0,27.3,15.9
1959,2,24,0,29.4,15.8
1959,2,25,1.4,30.1,19.2
1959,2,26,0.2,30.5,18.1
1959,2,27,2.4,30.7,17
1959,2,28,12.9,30.3,17.6
1959,3,1,15.6,27.2,19.2
1959,3,2,0.7,26.5,13.9
1959,3,3,0,28.9,13.9
1959,3,4,6.8,29.8,14.9
1959,3,5,7.3,31.4,16.3
1959,3,6,0.2,25.5,16.3
1959,3,7,0.3,27.2,17
1959,3,8,0.5,28.4,17
1959,3,9,0.2,29.5,18.9
1959,3,10,0,30,15.6
1959,3,11,1.3,29,16.5
1959,3,12,4.6,29.9,17.1
1959,3,13,0,27.2,16.7
1959,3,14,0,30.9,16.5
1959,3,15,0,29,16.6
1959,3,16,1.8,29.3,18.8
1959,3,17,2.8,25.2,18.6
1959,3,18,1,24.8,16.8
1959,3,19,0.4,30.4,15.9
1959,3,20,7.9,29.2,17.7
1959,3,21,7.5,29.1,17.9
1959,3,22,2.8,29.4,16.6
1959,3,23,0,26.5,16.5
1959,3,24,1,27.6,15.3
1959,3,25,0,31.1,14.9
1959,3,26,0,30,17.6
1959,3,27,0,30.9,17.4
1959,3,28,0,32.3,18.1
1959,3,29,7.2,30.9,20.1
1959,3,30,3.2,30.3,18.6
1959,3,31,0,26.5,17.9
1959,4,1,0.9,31.6,19.4
1959,4,2,0,27.6,15.7
1959,4,3,0,29.5,15
1959,4,4,0.4,31,17.1
1959,4,5,0,28.3,17.6
1959,4,6,0,29.9,15.4
1959,4,7,0.6,28.3,17.5
1959,4,8,0,30.6,17.3
1959,4,9,0,31.3,16.3
1959,4,10,0,30.4,17.6
1959,4,11,0,32.2,18.5
1959,4,12,12,31.6,19.7
1959,4,13,4.7,23.9,17.4
1959,4,14,6.8,25.5,18.2
1959,4,15,2.2,24.3,18.3
1959,4,16,0.5,30.2,18
1959,4,17,0,31.2,19.6
1959,4,18,0.7,31.3,20.6
1959,4,19,6.3,30.4,18.1
1959,4,20,3.9,33.2,20.7
1959,4,21,19.7,31.2,18.6
1959,4,22,7.9,27.6,19.9
1959,4,23,3.4,28.3,18.2
1959,4,24,8.8,26.7,18.1
1959,4,25,0.4,26.4,17.9
1959,4,26,0.4,27.9,17.9
1959,4,27,0,30.2,16.2
1959,4,28,0,31.5,18.5
1959,4,29,0,29.6,17.1
1959,4,30,0,31.5,20.5
1959,5,1,0,31.2,19.1
1959,5,2,0,31.1,17.7
1959,5,3,1.2,30.3,19.4
1959,5,4,0,30.8,19.1
1959,5,5,6.4,31.2,18
1959,5,6,5.3,29.5,18.6
1959,5,7,2.9,29.3,17.9
1959,5,8,0,27.9,15
1959,5,9,13.1,30.6,15.9
1959,5,10,2.3,29.7,16.2
1959,5,11,9.3,31,18
1959,5,12,48.9,30.9,18.8
1959,5,13,8,26.6,19.5
1959,5,14,16.6,27.3,18.8
1959,5,15,3.7,28.9,19.5
1959,5,16,0.2,29.7,18
1959,5,17,0,30.9,17.9
1959,5,18,0,32.1,18
1959,5,19,2.9,31.8,18
1959,5,20,4.6,33.1,18.2
1959,5,21,2.9,32.8,19.1
1959,5,22,0.8,31.3,19.8
1959,5,23,1.5,31.4,19.1
1959,5,24,1.8,29.8,18
1959,5,25,3.6,30.4,20.9
1959,5,26,10.5,30.3,18.8
1959,5,27,0,28.9,19.2
1959,5,28,1.7,30,19.5
1959,5,29,11.6,30.5,18.8
1959,5,30,0,27.7,20.4
1959,5,31,1.6,29.3,18
1959,6,1,18.2,29.3,18
1959,6,2,21,30.6,19.6
1959,6,3,12.1,29.2,20.5
1959,6,4,0,28.4,18.1
1959,6,5,6.3,30.5,19.2
1959,6,6,2,31.3,18.5
1959,6,7,7.5,32.3,19.3
1959,6,8,1.6,30.2,18.1
1959,6,9,3.5,30.6,19.9
1959,6,10,7,31.5,19.4
1959,6,11,12,31.3,17.8
1959,6,12,22.4,30.2,20.5
1959,6,13,12,29.2,19.9
1959,6,14,12.2,28.6,18.4
1959,6,15,10.4,29.5,18.3
1959,6,16,0.5,29.4,20.1
1959,6,17,20.7,29.2,19.6
1959,6,18,25.6,30.7,20.1
1959,6,19,7.7,30.1,18.8
1959,6,20,13,30.8,20.2
1959,6,21,25.3,28.6,17.7
1959,6,22,5.2,28.9,19.8
1959,6,23,1.7,29.7,17.9
1959,6,24,0.8,30.8,18.6
1959,6,25,0,29.8,20.7
1959,6,26,2.6,29.7,18.2
1959,6,27,15.5,30.7,18.7
1959,6,28,1,28.1,19
1959,6,29,2.2,28.3,18.2
1959,6,30,2.8,27.1,18.8
1959,7,1,1.2,29.7,18.2
1959,7,2,9.5,29.1,18.9
1959,7,3,4.3,28.2,19.2
1959,7,4,0.5,29.2,20.3
1959,7,5,2.1,26.8,18.5
1959,7,6,0.5,29.4,17.9
1959,7,7,2.9,29.8,17
1959,7,8,5.8,28.5,18.5
1959,7,9,0.6,28.2,17.9
1959,7,10,4,28.6,17.6
1959,7,11,2.7,28.7,20
1959,7,12,0,29.6,18.6
1959,7,13,9.1,29.8,16.7
1959,7,14,2.2,29.3,19.2
1959,7,15,0,28.7,18.5
1959,7,16,1.3,28.5,15.5
1959,7,17,1.6,27.9,19.3
1959,7,18,4.2,28.2,18.1
1959,7,19,0.2,30.5,19.2
1959,7,20,4,28.8,20.1
1959,7,21,0,30.3,17.4
1959,7,22,1.3,29.9,18.2
1959,7,23,3.5,30.4,18.3
1959,7,24,1,29.3,18.5
1959,7,25,2.6,28.6,17
1959,7,26,5.2,29.3,18.5
1959,7,27,7.1,28.5,19
1959,7,28,9.3,27.4,19.2
1959,7,29,14.2,26.5,18.8
1959,7,30,6,26.5,18.2
1959,7,31,10.8,28.6,18.5
1959,8,1,0,28.8,18.8
1959,8,2,1.1,29.1,18.8
1959,8,3,3.4,30.1,19
1959,8,4,2.2,31.5,19
1959,8,5,8,28.9,17.1
1959,8,6,1.2,30.2,18.3
1959,8,7,9.4,29.8,19.3
1959,8,8,8.6,29.2,20.1
1959,8,9,2.3,28.5,19.4
1959,8,10,0.6,29.2,19.8
1959,8,11,1.5,29.7,18.9
1959,8,12,0,27.2,18.7
1959,8,13,3.2,29.8,17.4
1959,8,14,1.6,30,18.5
1959,8,15,2.5,28.5,20.1
1959,8,16,1.9,28.8,19.6
1959,8,17,4.7,29,19.3
1959,8,18,0,30.2,18.1
1959,8,19,1,29,17.6
1959,8,20,0.2,30.2,17.9
1959,8,21,12.6,29,17.7
1959,8,22,10.1,31.2,18.8
1959,8,23,22.3,28.3,19.1
1959,8,24,13.1,27.9,19.7
1959,8,25,4.4,29.3,19.3
1959,8,26,2,29.3,19
1959,8,27,4.1,27.4,18.7
1959,8,28,2.8,28.1,19.1
1959,8,29,0.4,28.9,17.5
1959,8,30,0,29.4,17.5
1959,8,31,1.1,30.5,18
1959,9,1,0,30.4,18.5
1959,9,2,2.5,30.7,16.8
1959,9,3,37.6,28.8,18.5
1959,9,4,10.5,27.6,18.8
1959,9,5,0,29.7,19.2
1959,9,6,6.6,27.2,18.7
1959,9,7,0,27.4,19.5
1959,9,8,0.2,26.9,16.2
1959,9,9,0.4,29.4,18.4
1959,9,10,14.2,29.5,18.9
1959,9,11,1.5,29.4,19.1
1959,9,12,4.5,28.9,19.9
1959,9,13,2.3,29,19
1959,9,14,8.3,26.4,19.3
1959,9,15,13.3,28.7,20.1
1959,9,16,14,28.7,20.4
1959,9,17,6.6,29.1,20.1
1959,9,18,14.4,27,18.8
1959,9,19,7.3,28.9,18.6
1959,9,20,8.7,26.9,19
1959,9,21,0.5,29.9,18.4
1959,9,22,3.1,27.7,17.5
1959,9,23,8.8,28.2,19.1
1959,9,24,9.5,29.1,18.5
1959,9,25,11.3,29.1,19.3
1959,9,26,0.4,30.8,19.3
1959,9,27,2,31.3,18.7
1959,9,28,0,31.6,18.2
1959,9,29,4.4,31.4,17.9
1959,9,30,1.3,30.5,17.1
1959,10,1,3,29.3,18.7
1959,10,2,5.1,30.5,18.3
1959,10,3,0.9,30.6,17.8
1959,10,4,12.8,30.2,18.9
1959,10,5,8.9,30,18.2
1959,10,6,8.4,29,19.6
1959,10,7,31.2,29.1,19.1
1959,10,8,18.7,27.8,19.4
1959,10,9,6.6,29.1,20.4
1959,10,10,5.7,28.1,19
1959,10,11,20,29.4,20.1
1959,10,12,10.3,28.2,20.1
1959,10,13,1.9,28,20.2
1959,10,14,5.8,30.1,19.9
1959,10,15,4.1,29,20
1959,10,16,13.1,27.4,20
1959,10,17,20.6,28.3,20.5
1959,10,18,2,25.9,19.8
1959,10,19,0.7,26.8,19.2
1959,10,20,2.7,28.5,18.8
1959,10,21,10.7,29.5,18.8
1959,10,22,10.7,27.7,18.4
1959,10,23,0.8,28,19.2
1959,10,24,22.7,29.1,19.9
1959,10,25,2.8,28,19
1959,10,26,3.1,28.1,18.4
1959,10,27,4.1,30.2,19.2
1959,10,28,7.9,30.1,18.9
1959,10,29,4.2,28.1,20.3
1959,10,30,4.7,29.8,18.5
1959,10,31,18.8,28.2,19.6
1959,11,1,16.6,28.9,19.6
1959,11,2,7,26.9,18.2
1959,11,3,0.8,27.8,18.9
1959,11,4,1.6,27.7,18.2
1959,11,5,7.5,29.1,17.9
1959,11,6,15,28.8,19.2
1959,11,7,11.3,24.7,18.2
1959,11,8,2.2,25.6,18.1
1959,11,9,6.9,23.1,17
1959,11,10,0,26.4,14.6
1959,11,11,1.3,26.5,16.8
1959,11,12,0,26.6,18.8
1959,11,13,6.3,28.3,16
1959,11,14,6.6,29.5,18
1959,11,15,0.8,28.1,19.3
1959,11,16,3.5,25.5,18.5
1959,11,17,9.4,25.7,18.3
1959,11,18,9.8,26,17.4
1959,11,19,0,25.5,16.3
1959,11,20,0.4,25.7,15.5
1959,11,21,3.1,27.5,14.6
1959,11,22,0,27.1,15.6
1959,11,23,0.5,28.6,15
1959,11,24,0.8,26.3,15.7
1959,11,25,0.5,24.9,14.9
1959,11,26,5,27.8,16.4
1959,11,27,13.3,28.8,15.9
1959,11,28,4,22.8,17.6
1959,11,29,2.9,21.3,14.5
1959,11,30,1,19.8,13.5
1959,12,1,0.5,19.2,15.9
1959,12,2,0,21.5,17
1959,12,3,1.2,24.8,13.9
1959,12,4,0,24.7,13.7
1959,12,5,0.8,26.8,16.5
1959,12,6,0.9,23.9,16.1
1959,12,7,0.2,19.7,15.9
1959,12,8,0,22.5,15.8
1959,12,9,2.2,21.2,17.2
1959,12,10,0,25.1,16.8
1959,12,11,0,26.9,16.8
1959,12,12,0,28.3,16.7
1959,12,13,0,26.7,17.4
1959,12,14,0,26.4,16.5
1959,12,15,0,28.5,15.3
1959,12,16,0,28.4,15
1959,12,17,0,28,17.2
1959,12,18,1.4,27.2,14.9
1959,12,19,0.8,19.9,15.8
1959,12,20,1,22.4,15.8
1959,12,21,0.9,19.9,16.1
1959,12,22,0.4,20.3,14.6
1959,12,23,0.7,26.5,13.9
1959,12,24,3.9,25.3,16
1959,12,25,0,25.6,14.8
1959,12,26,0.2,27.3,18.1
1959,12,27,0,29.4,14.9
1959,12,28,0,26.4,16.4
1959,12,29,1.7,27.3,16.9
1959,12,30,0,26.1,18.8
1959,12,31,0,27.2,15.8
1960,1,1,0,30.3,15.5
1960,1,2,0,28.7,14.6
1960,1,3,0.9,28.8,15.8
1960,1,4,0.4,26.8,16.2
1960,1,5,4.3,26.2,16
1960,1,6,2.4,29.3,16.6
1960,1,7,1,28.9,17.7
1960,1,8,2.7,26.3,17
1960,1,9,5.4,24.8,18.3
1960,1,10,2.9,26.6,16.8
1960,1,11,0.6,27.2,15.4
1960,1,12,0.3,27.2,16.3
1960,1,13,0.6,27.8,15.8
1960,1,14,0,28.1,15.6
1960,1,15,0,29.2,17
1960,1,16,0,29.8,17.1
1960,1,17,0,28,14.7
1960,1,18,1.6,29.4,15.2
1960,1,19,4.1,25.4,16.3
1960,1,20,2.3,23.4,17.7
1960,1,21,0.2,23.2,16.6
1960,1,22,0.7,20.4,14
1960,1,23,1.4,18.7,15
1960,1,24,0.9,22.5,16
1960,1,25,0,23.9,13.8
1960,1,26,0.8,23.9,13.8
1960,1,27,3.4,25.7,12.2
1960,1,28,4.4,26.9,17.6
1960,1,29,7.7,24.3,15.8
1960,1,30,0,25,12.9
1960,1,31,0.9,24.1,9.8
1960,2,1,0,27.5,11.3
1960,2,2,0,26.9,14.7
1960,2,3,0,31,12.7
1960,2,4,0,30.6,15
1960,2,5,0,28.5,13.1
1960,2,6,0.8,25.7,16.9
1960,2,7,0,28.9,15.4
1960,2,8,0.5,28.5,15.2
1960,2,9,0,30.8,15.2
1960,2,10,0,31.4,14.3
1960,2,11,1.6,32.7,11.8
1960,2,12,0,31.6,13.5
1960,2,13,0.2,21.5,13.3
1960,2,14,0,18.7,12
1960,2,15,0,29.1,12.9
1960,2,16,0,23.4,14.8
1960,2,17,0,29.4,13.8
1960,2,18,1.3,21.4,14.1
1960,2,19,0,27.4,14.6
1960,2,20,0,25.8,16
1960,2,21,0,29.1,15.2
1960,2,22,0.2,29.4,15.6
1960,2,23,0.6,31.1,18.7
1960,2,24,0,32.8,16.5
1960,2,25,1.7,27.9,16.6
1960,2,26,0.4,26,17
1960,2,27,0.6,29.3,16.5
1960,2,28,0,30.5,16.7
1960,2,29,0,31.4,18.1
1960,3,1,0,28.7,16
1960,3,2,0,29.7,15.7
1960,3,3,4.2,28.1,16.8
1960,3,4,1.1,23.7,17.1
1960,3,5,2.3,21.2,16.9
1960,3,6,1.5,22.6,17.2
1960,3,7,1.5,25.1,17.1
1960,3,8,0,29.3,14.8
1960,3,9,0,31.9,18.2
1960,3,10,0,32,19
1960,3,11,0,32.6,17.7
1960,3,12,0.4,27.7,15.7
1960,3,13,0,30.7,17.9
1960,3,14,9.5,29.5,17.7
1960,3,15,0,33.1,16.3
1960,3,16,0,31,16.2
1960,3,17,0,31.5,14.4
1960,3,18,0,28.9,16.8
1960,3,19,0.2,22.7,16.4
1960,3,20,2.2,26.3,17
1960,3,21,3.8,25.8,16.8
1960,3,22,0.6,22.4,15.7
1960,3,23,1.3,26.5,13
1960,3,24,0,28.5,17.1
1960,3,25,0,30.2,13.8
1960,3,26,0,31,17.8
1960,3,27,0,29.7,17.5
1960,3,28,0,30.3,17.2
1960,3,29,0,33.6,17.1
1960,3,30,0,31.1,19
1960,3,31,0,31.2,18.3
1960,4,1,7.7,33.1,17.1
1960,4,2,0,32.8,17.3
1960,4,3,0,30.4,15.3
1960,4,4,0,28,18.3
1960,4,5,0,31.8,15.4
1960,4,6,0,26.4,13.7
1960,4,7,0,29.3,15.6
1960,4,8,0,31.3,14.3
1960,4,9,2.2,31.4,18.4
1960,4,10,1.4,29.8,17.6
1960,4,11,0,30.4,17.4
1960,4,12,1.5,29.4,18.6
1960,4,13,2.1,30.9,18.4
1960,4,14,3.5,30.5,19.4
1960,4,15,2.3,32.5,17.9
1960,4,16,0.6,30.9,19.4
1960,4,17,0,25.6,18.2
1960,4,18,4,32.6,17.9
1960,4,19,2.2,31.3,16.8
1960,4,20,0,29.2,18.3
1960,4,21,0.2,29.6,18.3
1960,4,22,0,31.1,19.4
1960,4,23,3.6,31.2,18.5
1960,4,24,5.1,32.3,18.8
1960,4,25,2.8,31.1,16.8
1960,4,26,2.7,31.1,18.7
1960,4,27,0.9,30.6,16.8
1960,4,28,0,32.7,19.9
1960,4,29,0,34.8,19.7
1960,4,30,0,35.6,18.8
1960,5,1,1.9,33.2,20.9
1960,5,2,0.7,33.4,19.2
1960,5,3,0,31.6,19.4
1960,5,4,2.2,33.6,21.2
1960,5,5,1.6,33.1,19.6
1960,5,6,2.8,35.4,18.8
1960,5,7,1.7,31.7,19.3
1960,5,8,1.3,29.3,18
1960,5,9,0,30.4,17.7
1960,5,10,1.1,31.4,19.8
1960,5,11,0,31.9,19.5
1960,5,12,0.8,29.7,17.2
1960,5,13,3.2,28.9,16.1
1960,5,14,0,31.5,16.7
1960,5,15,11.2,31.9,18.6
1960,5,16,8.9,32.2,19.3
1960,5,17,3.1,31.9,19.4
1960,5,18,1.3,32.8,20.4
1960,5,19,0.4,32.2,20.8
1960,5,20,3.5,31.7,19.3
1960,5,21,0.5,30.9,20.5
1960,5,22,4.8,31.1,17.6
1960,5,23,0.4,32.4,19.3
1960,5,24,0.4,32.4,19
1960,5,25,1.6,34.5,20.1
1960,5,26,13.7,32.3,19.6
1960,5,27,1.1,29.2,19.9
1960,5,28,6.1,29.2,19.4
1960,5,29,3.9,29.9,19.6
1960,5,30,2.1,29.6,19.9
1960,5,31,0.8,30.7,19.5
1960,6,1,6.2,30.8,18.7
1960,6,2,9.8,32.2,18.9
1960,6,3,39.6,31.6,18.9
1960,6,4,14.9,31.5,20.7
1960,6,5,34.3,30.8,20.1
1960,6,6,13.9,30,19.2
1960,6,7,36.8,30.5,20.1
1960,6,8,20.1,28.7,20.1
1960,6,9,33.7,30.1,19.6
1960,6,10,12.3,27.2,19.2
1960,6,11,7.2,29.5,19.7
1960,6,12,27.4,30.1,19.1
1960,6,13,7.9,29.2,19.3
1960,6,14,10.4,28.4,19.6
1960,6,15,2.8,29.8,20.7
1960,6,16,8.4,30.3,19.7
1960,6,17,6,29,19.9
1960,6,18,16.4,28.6,19.6
1960,6,19,18.9,28.9,19.6
1960,6,20,21.5,26.6,20.3
1960,6,21,13.7,27.9,20
1960,6,22,1.4,26.7,20.7
1960,6,23,0.6,29.8,19.7
1960,6,24,0.8,29.7,19.2
1960,6,25,5.1,30.7,19.4
1960,6,26,5.7,27.6,20.3
1960,6,27,13.3,29.3,20
1960,6,28,25.4,27.8,20.1
1960,6,29,2.4,28.5,19.9
1960,6,30,3.7,28.1,19
1960,7,1,5.1,28.5,19.5
1960,7,2,2.1,29.6,19.9
1960,7,3,9.1,29.9,18.7
1960,7,4,15.1,30.4,18.5
1960,7,5,6.6,29,19.3
1960,7,6,11.2,28.3,20.3
1960,7,7,9.2,28,19.2
1960,7,8,9.5,29.2,19.1
1960,7,9,13.8,29.7,19.8
1960,7,10,11.7,29.5,18.7
1960,7,11,16.3,29.7,18.7
1960,7,12,7.3,30.1,19.7
1960,7,13,13.7,29.9,19.4
1960,7,14,13.4,29.9,17.6
1960,7,15,22.3,28.1,18.6
1960,7,16,31.1,30.1,19.9
1960,7,17,22.7,28.6,18.3
1960,7,18,19.1,28.1,20
1960,7,19,4.3,26.2,20.1
1960,7,20,7.6,28.5,19.9
1960,7,21,6.1,27.4,19.5
1960,7,22,3.3,30.2,19.1
1960,7,23,0.8,26.8,19.2
1960,7,24,3.6,28.1,18.7
1960,7,25,2.5,29.2,18.2
1960,7,26,23.3,29.9,19
1960,7,27,15.6,31.2,19.6
1960,7,28,2.4,30.5,19.4
1960,7,29,31.4,29.4,18.9
1960,7,30,7.5,31.1,18.9
1960,7,31,27.5,29.4,19.7
1960,8,1,4.1,29.7,19
1960,8,2,7,29.4,18.6
1960,8,3,0.8,28,20.7
1960,8,4,7.9,27.7,19.4
1960,8,5,2.8,30.3,19.3
1960,8,6,21.4,29.5,18.5
1960,8,7,6.5,29.8,20.7
1960,8,8,1.4,30.1,19.3
1960,8,9,6.8,29.5,18.4
1960,8,10,3.5,29.8,18.9
1960,8,11,12.5,29.8,19.3
1960,8,12,18.8,29.3,20.4
1960,8,13,11.2,29,19.9
1960,8,14,24.2,28.6,19.7
1960,8,15,6.1,30.2,20.3
1960,8,16,13.5,27,19.6
1960,8,17,12.9,30.4,19.9
1960,8,18,9.4,28.9,19.7
1960,8,19,8.1,29.4,19.2
1960,8,20,6.4,29.8,20.3
1960,8,21,7.6,30.5,18.8
1960,8,22,14,28.9,19.1
1960,8,23,16.3,30.1,19.8
1960,8,24,3.6,30.2,20.2
1960,8,25,2.8,30.6,18.7
1960,8,26,4.6,29.7,19.6
1960,8,27,4.3,29.6,19.6
1960,8,28,23.8,27.5,19.6
1960,8,29,20.9,26.1,20.5
1960,8,30,12.9,27.5,20
1960,8,31,3.9,26.9,19.2
1960,9,1,9.8,28.8,18.4
1960,9,2,16.8,27.9,18.8
1960,9,3,15.8,26.9,19.2
1960,9,4,21.1,30.2,19.7
1960,9,5,26.8,30.5,19.3
1960,9,6,4.8,29.6,19.6
1960,9,7,7.7,30,19.9
1960,9,8,3.6,30.4,20.1
1960,9,9,8.6,30.1,20
1960,9,10,13.9,30.4,19.6
1960,9,11,12,31,18.7
1960,9,12,15.4,29,19
1960,9,13,6.7,26.7,19.4
1960,9,14,4.1,28.4,20.4
1960,9,15,9.7,30.1,19.9
1960,9,16,26.5,29.5,18.7
1960,9,17,23,26.5,19.8
1960,9,18,9.5,23.7,20
1960,9,19,3.1,29,19.9
1960,9,20,8.9,30.6,19.4
1960,9,21,7.1,27.8,19.6
1960,9,22,11.5,29.1,20
1960,9,23,10.9,28.5,18.5
1960,9,24,30.4,29.6,19.3
1960,9,25,5,28.8,20.4
1960,9,26,25.7,28.3,19.3
1960,9,27,16,27.5,19.6
1960,9,28,1.4,26.8,19.5
1960,9,29,2.8,27.4,17.4
1960,9,30,6.3,26,17.9
1960,10,1,19.1,29,19.2
1960,10,2,8.1,26.9,19
1960,10,3,8.9,27.2,18.9
1960,10,4,3.4,28.6,19.6
1960,10,5,6.6,29.1,20.2
1960,10,6,25.4,28.8,18.5
1960,10,7,13.3,29.2,19.8
1960,10,8,1.9,27.2,18.5
1960,10,9,2.4,29.3,19.2
1960,10,10,3.8,30,19.3
1960,10,11,1.9,29.4,19
1960,10,12,20,28.1,20
1960,10,13,8.4,28.4,19.6
1960,10,14,0.4,29.7,19.4
1960,10,15,3.1,28.5,20.3
1960,10,16,6.6,28.8,20.3
1960,10,17,2.6,28.2,19.9
1960,10,18,0.6,27.4,19.7
1960,10,19,8.6,30.6,19.8
1960,10,20,13.2,28.2,19.3
1960,10,21,4.7,28.9,19.3
1960,10,22,5.4,28.4,19.6
1960,10,23,3.6,28,19.9
1960,10,24,19.5,27.9,20.6
1960,10,25,32.9,29.2,19.7
1960,10,26,22.6,28.3,20.4
1960,10,27,13.5,28.8,19.4
1960,10,28,22.7,28.4,18.5
1960,10,29,2.9,29.1,18.1
1960,10,30,2.5,29.8,19.6
1960,10,31,13.5,24.2,19.7
1960,11,1,4.1,27.9,19.2
1960,11,2,4.5,28.9,19
1960,11,3,4.7,28.2,19.3
1960,11,4,2.1,26.9,16.8
1960,11,5,5.7,26.2,18.3
1960,11,6,1.8,25,16.6
1960,11,7,0,24.4,13.6
1960,11,8,0,25.5,14.8
1960,11,9,0.4,26.5,17.1
1960,11,10,6.7,27.3,18.8
1960,11,11,14.5,24.9,18.2
1960,11,12,13.1,25.8,19.6
1960,11,13,9,27,19.2
1960,11,14,3.1,27.9,19.9
1960,11,15,5.8,26.4,17.3
1960,11,16,4.3,27.1,17.4
1960,11,17,1.7,24.9,17.2
1960,11,18,1.5,27.4,18.3
1960,11,19,3.3,26.1,18.6
1960,11,20,1.8,27.2,18.2
1960,11,21,2.1,26.6,16.6
1960,11,22,4.9,27.2,16.7
1960,11,23,7.3,26.1,18
1960,11,24,4.4,24.3,19.3
1960,11,25,0.8,23.3,17.9
1960,11,26,0,25.9,17.4
1960,11,27,0.6,25.7,17
1960,11,28,8.7,27.3,18.3
1960,11,29,7.4,27,18.2
1960,11,30,9.4,23.7,19.4
1960,12,1,1.8,21.2,17.8
1960,12,2,2.1,23.1,16.4
1960,12,3,1.6,21.7,15.3
1960,12,4,0,21.6,14.7
1960,12,5,0.3,24.4,15.6
1960,12,6,1,25.7,16.9
1960,12,7,0.7,27.5,16.5
1960,12,8,0.6,26.6,16
1960,12,9,0,28.6,15.3
1960,12,10,0,27.7,16.7
1960,12,11,0,28.3,16.1
1960,12,12,0,25.6,15.2
1960,12,13,7,25.9,17.4
1960,12,14,1.3,26.2,16.9
1960,12,15,2.3,25.2,16.4
1960,12,16,4,24.6,17.2
1960,12,17,0,26,16.7
1960,12,18,0.6,22.2,15.6
1960,12,19,0.7,22.2,15.6
1960,12,20,1.3,25.9,14.8
1960,12,21,2.7,22.1,16.4
1960,12,22,0.8,23,15.6
1960,12,23,2.5,19.2,15.6
1960,12,24,1,23.8,15.6
1960,12,25,0.5,22.8,15.7
1960,12,26,0.7,22.8,16.1
1960,12,27,0.8,25.1,17.9
1960,12,28,1.2,25.5,17.9
1960,12,29,0,26,16.3
1960,12,30,0,24.1,16.1
1960,12,31,0.7,28.1,15.6
1961,1,1,0,27.3,16.2
1961,1,2,3.5,28.3,16
1961,1,3,7.8,26.7,17.5
1961,1,4,4.8,23.7,16.5
1961,1,5,1,23,16.3
1961,1,6,1.4,23.7,15.9
1961,1,7,0.7,26,17.7
1961,1,8,3.9,26.4,16.1
1961,1,9,2,24,16.2
1961,1,10,0,21.8,14.8
1961,1,11,0.9,24.4,14.7
1961,1,12,1,23.7,16.2
1961,1,13,1.7,24.1,16
1961,1,14,0,27.4,15.1
1961,1,15,3.6,22.9,16.1
1961,1,16,6.6,22.9,14.8
1961,1,17,1.8,22.9,14.7
1961,1,18,0,23.2,14.7
1961,1,19,0.6,25.6,15.7
1961,1,20,1,28.4,14.4
1961,1,21,2.1,22,16.6
1961,1,22,0.6,23.2,16.3
1961,1,23,0,24.1,16.4
1961,1,24,0.3,23.6,15.1
1961,1,25,0.4,26.1,15.6
1961,1,26,7.6,25.8,14
1961,1,27,1.2,26,16.1
1961,1,28,1.5,26.5,17.9
1961,1,29,6.5,24.3,17.3
1961,1,30,7.8,24.2,15.1
1961,1,31,0,21.7,15
1961,2,1,0.5,26.4,16.2
1961,2,2,2.7,28.4,15.7
1961,2,3,1.8,27.6,16.3
1961,2,4,0,26.3,14.7
1961,2,5,0.2,29.1,15.3
1961,2,6,12.7,27.6,15.4
1961,2,7,1.1,27.6,15.7
1961,2,8,0.5,25.6,16.2
1961,2,9,1.4,26.7,16.6
1961,2,10,1.4,23.5,14.7
1961,2,11,2.1,26.6,15.6
1961,2,12,2.4,26.1,12.7
1961,2,13,3.1,25.4,15.2
1961,2,14,3.2,27.3,16
1961,2,15,1.1,27.7,17.4
1961,2,16,0.8,26.9,17
1961,2,17,0.4,28.3,15.1
1961,2,18,0,29.9,15.1
1961,2,19,0,29.1,16.5
1961,2,20,0.9,28.2,15.8
1961,2,21,3.4,28.7,16.8
1961,2,22,4.1,29.6,16.6
1961,2,23,0,26.9,17.4
1961,2,24,6.1,27.8,15.3
1961,2,25,1.4,29.3,14.4
1961,2,26,1.4,25.7,14.6
1961,2,27,0.8,29.5,13.9
1961,2,28,0.9,28.5,15
1961,3,1,4.5,28.7,16.8
1961,3,2,4.4,27,16.5
1961,3,3,0.6,27.2,15.9
1961,3,4,0,28.4,15.1
1961,3,5,0,30.3,16.7
1961,3,6,0,31.8,17
1961,3,7,0,32.8,16.6
1961,3,8,3.4,30.2,16.6
1961,3,9,6.2,29,15.7
1961,3,10,0,27.3,14.1
1961,3,11,0,30.2,13.8
1961,3,12,5.4,30.6,15.1
1961,3,13,0.1,30.4,16.7
1961,3,14,0,30.5,15.4
1961,3,15,0,30.4,14.7
1961,3,16,0,29.7,14.4
1961,3,17,1.4,29,16.6
1961,3,18,1.4,32.1,16.2
1961,3,19,0.7,31.9,15.2
1961,3,20,2.6,32.2,15.8
1961,3,21,5.3,30.5,16.3
1961,3,22,8.9,29.5,17.7
1961,3,23,2.9,28.6,15.1
1961,3,24,3.2,30.5,15
1961,3,25,0,29.4,15.9
1961,3,26,0,30.8,15.7
1961,3,27,3.1,32.6,16.5
1961,3,28,0,33.7,17.9
1961,3,29,0,33.8,17.1
1961,3,30,0,32.6,16.4
1961,3,31,1.6,32.3,16.8
1961,4,1,1,29.3,17.7
1961,4,2,0.1,31.9,16.4
1961,4,3,9.8,29.5,15.5
1961,4,4,1.7,30.5,16.6
1961,4,5,1.8,31,17.2
1961,4,6,3.3,33,17.6
1961,4,7,0.1,29.8,17
1961,4,8,0,29.8,16.8
1961,4,9,14.4,33.2,17.1
1961,4,10,9.1,33.1,19.5
1961,4,11,0,33,17.4
1961,4,12,2.5,35.5,18.3
1961,4,13,0,34.9,18.2
1961,4,14,0,36.4,17.2
1961,4,15,12.2,38.1,17.6
1961,4,16,2,33.6,18.1
1961,4,17,0,28.6,16.6
1961,4,18,0,32.1,16.8
1961,4,19,0,31.9,17.2
1961,4,20,2.4,32.4,16.2
1961,4,21,0,30.3,17.4
1961,4,22,4.5,31.4,14
1961,4,23,0,29.9,16.7
1961,4,24,0,34.8,16.2
1961,4,25,2.9,37,15.1
1961,4,26,0,34.7,16.5
1961,4,27,0,35.4,16.3
1961,4,28,0.3,33.9,16.7
1961,4,29,0,31.9,18.3
1961,4,30,0,32.3,17.1
1961,5,1,9.6,34.3,16.1
1961,5,2,2.5,35.9,16.6
1961,5,3,9.5,33.2,18.7
1961,5,4,1.4,34.2,18.1
1961,5,5,0.4,35.9,18.3
1961,5,6,0.3,33.3,18.7
1961,5,7,2.9,34.4,19.4
1961,5,8,0,32.1,17.4
1961,5,9,2.3,34.4,17
1961,5,10,2.6,30.6,19
1961,5,11,0,30,15.8
1961,5,12,2,32.7,17
1961,5,13,0,34.7,17
1961,5,14,1.1,37.6,17.6
1961,5,15,1.9,35.5,18.1
1961,5,16,8.4,32.4,17.1
1961,5,17,3.3,28.9,18.4
1961,5,18,5.2,29.6,16.8
1961,5,19,0,31.1,16.8
1961,5,20,3.4,28.7,18
1961,5,21,0,29.8,18.5
1961,5,22,0,31.6,16.4
1961,5,23,11.3,32.3,18
1961,5,24,13.8,30.4,18.7
1961,5,25,2.9,29.7,19.5
1961,5,26,4.5,33.9,18.5
1961,5,27,6.8,30.9,19.1
1961,5,28,0,30.3,18.1
1961,5,29,15.9,29.7,17.8
1961,5,30,2,29.2,17.9
1961,5,31,2.5,31.6,18.9
1961,6,1,12,29.5,18.1
1961,6,2,1.9,28.9,19.4
1961,6,3,0.1,28.6,18.5
1961,6,4,1.6,28,18.1
1961,6,5,5.4,28.6,17.7
1961,6,6,2.5,27.5,18.9
1961,6,7,7.4,30.1,18.8
1961,6,8,28.9,30,19.3
1961,6,9,33.6,30.1,20.6
1961,6,10,11.8,31.9,20.2
1961,6,11,6.9,31.6,19.3
1961,6,12,10.3,31.2,18.3
1961,6,13,19,29.9,18.5
1961,6,14,47.7,29.3,19.3
1961,6,15,32.1,29.3,19
1961,6,16,13.8,27.9,19.6
1961,6,17,10.3,29,20.5
1961,6,18,3.1,29.7,19.3
1961,6,19,3.1,27.7,18.4
1961,6,20,15.5,30.9,18.1
1961,6,21,13.7,29.7,18.8
1961,6,22,1.8,28.2,19.1
1961,6,23,8,29.9,18.5
1961,6,24,9.7,29.3,19.3
1961,6,25,4.5,30.1,18.1
1961,6,26,0.9,26.3,17.6
1961,6,27,3,28.6,19.4
1961,6,28,0.9,29.8,17.9
1961,6,29,4.8,27.9,19
1961,6,30,6.3,27.8,19.7
1961,7,1,11.4,27.8,18.7
1961,7,2,4.3,27.2,18.6
1961,7,3,6.4,29.6,18.4
1961,7,4,2.4,30,18.9
1961,7,5,7.9,27.7,18.6
1961,7,6,5.8,29,19.2
1961,7,7,8.6,26.4,18.3
1961,7,8,17.5,28,19.2
1961,7,9,9,27.9,19.5
1961,7,10,8,26.8,19.4
1961,7,11,3.8,28.7,19.5
1961,7,12,12.6,25.9,19.5
1961,7,13,10.4,28.6,18.5
1961,7,14,6.5,27.7,18.1
1961,7,15,0,28,18.6
1961,7,16,6.7,29.9,17.8
1961,7,17,10.2,29.5,19.3
1961,7,18,1,28.2,18.2
1961,7,19,44.6,29.5,17.9
1961,7,20,4.8,28.1,18.7
1961,7,21,1.1,29.6,19.5
1961,7,22,0.3,28.6,18.9
1961,7,23,15.1,28.5,19.1
1961,7,24,19.9,25.4,18.4
1961,7,25,53.1,27.5,18.7
1961,7,26,2.2,27.4,18.7
1961,7,27,0.5,26.8,19.3
1961,7,28,7.3,28.5,18.2
1961,7,29,9.1,27.1,17.9
1961,7,30,27.2,26.6,18.3
1961,7,31,0.5,26.7,18.9
1961,8,1,5.2,27.4,17.9
1961,8,2,6.3,27.7,16.9
1961,8,3,13.1,29.4,18.1
1961,8,4,3.1,25.8,18.6
1961,8,5,5.1,25.7,16.4
1961,8,6,2.5,29.6,18.3
1961,8,7,10.3,29.5,18.8
1961,8,8,1.3,29,17.9
1961,8,9,4.8,28.4,18.7
1961,8,10,8.5,27.7,18.4
1961,8,11,12,28.9,17.9
1961,8,12,2,29.6,17.9
1961,8,13,1.5,29.6,17.9
1961,8,14,15.1,29.8,18.4
1961,8,15,10.6,30.1,17.8
1961,8,16,8.2,29.2,18.2
1961,8,17,13.3,28.5,19.3
1961,8,18,3.9,28.8,19.6
1961,8,19,10.6,29.8,18.7
1961,8,20,8.6,28.3,18.2
1961,8,21,5.1,28.5,17.4
1961,8,22,2,29.3,18.3
1961,8,23,12.5,30.3,17.2
1961,8,24,5,29.3,18.7
1961,8,25,5.2,29.3,17.6
1961,8,26,9.1,30.1,18.4
1961,8,27,15.4,28,19
1961,8,28,14.9,29.7,19
1961,8,29,0,29.4,18.9
1961,8,30,4.5,30.7,19
1961,8,31,1.9,29.6,17.7
1961,9,1,8,29.1,19.1
1961,9,2,6.2,28.1,19.8
1961,9,3,12.4,28.4,18.8
1961,9,4,10.1,29.2,20.1
1961,9,5,3.9,28,18.9
1961,9,6,2.4,29,19.2
1961,9,7,0,29.5,18.7
1961,9,8,0.6,30.5,18.9
1961,9,9,8,29.6,19.2
1961,9,10,8.1,30.2,19.9
1961,9,11,12.7,31.2,19.6
1961,9,12,8.4,31.6,19.6
1961,9,13,17.3,31.3,19.2
1961,9,14,10.6,31,18.8
1961,9,15,16.9,29.5,18.8
1961,9,16,9,29.5,19.3
1961,9,17,23.4,27.5,19.3
1961,9,18,21.6,27.3,19
1961,9,19,6,28.9,19
1961,9,20,0,29.4,18.3
1961,9,21,0.9,28.9,19.4
1961,9,22,5.8,29.9,19
1961,9,23,17.7,28.7,19.1
1961,9,24,7.9,29.8,20.4
1961,9,25,13.4,29.3,20.6
1961,9,26,13.5,29.1,19.5
1961,9,27,7,28.7,19.6
1961,9,28,5.5,28.3,19
1961,9,29,5.2,27.8,19.1
1961,9,30,5.4,28,19.4
1961,10,1,18.8,28.9,17.7
1961,10,2,20.9,30.3,19
1961,10,3,11.7,27.2,19.1
1961,10,4,9.1,28.9,19.3
1961,10,5,2.5,26.9,18.8
1961,10,6,4.2,27.1,17.8
1961,10,7,1.6,26.9,19.4
1961,10,8,2.9,29.1,18.7
1961,10,9,2.7,29.4,18.4
1961,10,10,6.8,28.8,19.5
1961,10,11,1.5,29.1,19.2
1961,10,12,12.5,27.4,17.8
1961,10,13,8.9,27.6,17.5
1961,10,14,3.7,27.6,17.9
1961,10,15,3.1,26.8,18.8
1961,10,16,5.7,23.4,19.2
1961,10,17,1.9,24.6,18.1
1961,10,18,1.4,25.8,18.4
1961,10,19,8,26.2,18.9
1961,10,20,1,25.3,18.2
1961,10,21,2.7,28.8,17.7
1961,10,22,2,27.5,18.5
1961,10,23,5.5,27.2,18.4
1961,10,24,10.4,30.7,18.9
1961,10,25,9.9,28.8,18.9
1961,10,26,10.3,23.6,18.3
1961,10,27,7.8,25.5,18.7
1961,10,28,7.8,26.9,16.7
1961,10,29,0,29.7,18.5
1961,10,30,20.8,29.3,17.4
1961,10,31,17.2,26.5,18.5
1961,11,1,0.7,26.3,18.7
1961,11,2,5.6,29.3,16.7
1961,11,3,8,29.1,17.4
1961,11,4,14.4,28.4,18.1
1961,11,5,13.1,29.2,18.7
1961,11,6,6.4,26,18.1
1961,11,7,9,24,19
1961,11,8,4.4,24.8,18.3
1961,11,9,9.3,26.6,18
1961,11,10,7.1,29.5,17.6
1961,11,11,9.6,28.9,16.6
1961,11,12,0.6,27.9,16.3
1961,11,13,0.6,28.4,17.7
1961,11,14,1.9,29.9,17.7
1961,11,15,1,29.4,17.6
1961,11,16,9.5,29.7,16.6
1961,11,17,5.1,25.8,18.1
1961,11,18,0.6,25.6,17.5
1961,11,19,1.6,27.9,15.3
1961,11,20,0.7,27.2,16.2
1961,11,21,0.1,25.5,16.5
1961,11,22,0,29.6,14.5
1961,11,23,0.6,28.9,14.8
1961,11,24,0.6,25.9,16
1961,11,25,0.3,22.9,14.5
1961,11,26,0,25.8,13.3
1961,11,27,0.3,24.5,11.9
1961,11,28,0.1,23.2,14.7
1961,11,29,0.7,22.1,15.6
1961,11,30,0.7,22.2,14.9
1961,12,1,0.7,25,14.3
1961,12,2,3.6,24.5,15.4
1961,12,3,0.3,25.1,15.7
1961,12,4,6.4,25.9,15.4
1961,12,5,1.2,27,16.5
1961,12,6,3.3,26.4,16.4
1961,12,7,5.9,25.4,16.5
1961,12,8,2.1,26.7,15.9
1961,12,9,1.6,29.5,16.6
1961,12,10,0,29.3,16.9
1961,12,11,1.5,29.1,15.8
1961,12,12,1.4,29.3,16
1961,12,13,9,26.3,16.2
1961,12,14,5.5,25.5,16.8
1961,12,15,2.2,25.7,16.6
1961,12,16,0,29.8,16.8
1961,12,17,2.3,28.5,15.5
1961,12,18,2.5,28.8,14.9
1961,12,19,3,28.8,16.5
1961,12,20,2.2,25.9,17
1961,12,21,2.7,25.6,15.5
1961,12,22,2.1,26,16
1961,12,23,0.9,25.1,15.8
1961,12,24,0,23.4,15.9
1961,12,25,1.7,24,13.1
1961,12,26,0,23.8,12.4
1961,12,27,4.3,28.9,14
1961,12,28,1.4,25.3,14.6
1961,12,29,3.8,23.8,16.2
1961,12,30,0.3,25.4,16.3
1961,12,31,1.4,26.8,15
1962,1,1,0.9,23.1,15.4
1962,1,2,2.7,21.5,13.5
1962,1,3,0.3,26.5,14.7
1962,1,4,0.6,28.7,13.5
1962,1,5,0,30.7,13.6
1962,1,6,2,23.6,14.2
1962,1,7,0.6,27.4,14.6
1962,1,8,0,26.2,14.6
1962,1,9,0,26.3,13.5
1962,1,10,4,28.2,12.3
1962,1,11,0.1,25.1,13.6
1962,1,12,1.5,22.8,13.5
1962,1,13,0,25,15.2
1962,1,14,0,26.4,13
1962,1,15,1,26.6,12.9
1962,1,16,3.1,27.4,15.6
1962,1,17,0,25.7,15.8
1962,1,18,3.3,26.7,15.5
1962,1,19,1.6,27.2,13.6
1962,1,20,0.9,27.1,15.3
1962,1,21,0.1,26.4,15.6
1962,1,22,0.9,27,15.6
1962,1,23,2.5,25.5,17.1
1962,1,24,0.3,23.1,14.7
1962,1,25,0.5,26.4,13
1962,1,26,1.1,27.6,13.1
1962,1,27,2.3,29.1,15.5
1962,1,28,2.1,27.9,14.5
1962,1,29,0.9,22.5,12.7
1962,1,30,0.1,21.6,13.3
1962,1,31,0,23.3,14.8
1962,2,1,0.1,26,13.8
1962,2,2,0.6,25.6,14.3
1962,2,3,0.8,25.4,14.4
1962,2,4,0,26.1,15.9
1962,2,5,0,29.8,16
1962,2,6,1.5,28.4,13.1
1962,2,7,0,28.2,15.4
1962,2,8,0,29.4,14.4
1962,2,9,0,30.4,14.1
1962,2,10,0,31,13.8
1962,2,11,1.8,27.8,13.3
1962,2,12,0,27.3,15.6
1962,2,13,0,26.1,15
1962,2,14,0,28.6,14
1962,2,15,0,29.4,15
1962,2,16,0,28.4,12.6
1962,2,17,0,29.7,14.5
1962,2,18,0,30.3,13.9
1962,2,19,0,29.9,14.6
1962,2,20,0.4,29.3,15.9
1962,2,21,0,28.5,16.2
1962,2,22,0,31.2,16.3
1962,2,23,0,33.8,16.3
1962,2,24,0,32.4,14.4
1962,2,25,0,30.9,15.6
1962,2,26,0.1,30.5,17.4
1962,2,27,0,31.1,15.8
1962,2,28,0.9,32,14.8
1962,3,1,0.1,30.2,17.5
1962,3,2,0.3,25.8,17.2
1962,3,3,0,29.7,16.9
1962,3,4,0.3,33.7,15
1962,3,5,6.3,28.2,17.6
1962,3,6,0.1,24.9,16
1962,3,7,0,25,14.7
1962,3,8,0,29.2,14.9
1962,3,9,0,34,14
1962,3,10,0,34.5,16.4
1962,3,11,0,34.5,17
1962,3,12,0,34.2,16
1962,3,13,0,32,17
1962,3,14,2.9,31.2,15.8
1962,3,15,1.3,32.5,17
1962,3,16,3.1,28.8,15.5
1962,3,17,2.9,25.8,16.5
1962,3,18,0.8,27.6,16.9
1962,3,19,0,31.4,15.8
1962,3,20,0,35.1,15.3
1962,3,21,0,33.9,17
1962,3,22,0,33.1,17.3
1962,3,23,0,31.3,16.3
1962,3,24,1.4,32.6,16.6
1962,3,25,0.1,31,16.1
1962,3,26,0,28.7,17
1962,3,27,0,27.1,14.6
1962,3,28,0,26.1,15.1
1962,3,29,0,31.1,14.4
1962,3,30,0.6,29.7,14.1
1962,3,31,0,34.6,16.2
1962,4,1,0.4,33.5,17.4
1962,4,2,6.3,29.4,15.8
1962,4,3,2.1,27.7,16.9
1962,4,4,0.1,29.1,18.2
1962,4,5,0,30.3,17.1
1962,4,6,0,29.6,17.7
1962,4,7,12.4,32.1,16.6
1962,4,8,0.4,31.1,17.9
1962,4,9,1,30,18.7
1962,4,10,2.3,32.2,18.3
1962,4,11,3.7,31.5,17.9
1962,4,12,3.1,33.6,17.9
1962,4,13,3.1,31.1,17.6
1962,4,14,8.5,29.7,17.7
1962,4,15,5.2,26.1,18.3
1962,4,16,3.6,23.7,17.7
1962,4,17,1.2,23.6,17
1962,4,18,1.2,30.1,17.7
1962,4,19,2.4,25.3,16.9
1962,4,20,5.2,24.4,17.1
1962,4,21,0,27.2,14.9
1962,4,22,0,28.9,15.6
1962,4,23,1.3,30.6,15.8
1962,4,24,3.7,28.9,16
1962,4,25,0,30.2,15.8
1962,4,26,0,31.1,17.9
1962,4,27,1,34,16.4
1962,4,28,0,31.7,17.2
1962,4,29,1.4,33.3,17.1
1962,4,30,8.8,33.3,16
1962,5,1,9.6,33.2,16.8
1962,5,2,0.6,28.7,17
1962,5,3,5.6,29.1,17.5
1962,5,4,4.2,27.3,17
1962,5,5,3.2,27.7,16.4
1962,5,6,0,25.8,16.4
1962,5,7,0,27.1,15.5
1962,5,8,0,29.5,16.1
1962,5,9,0,29.8,16.3
1962,5,10,0,27.9,16
1962,5,11,4.1,31.3,15.9
1962,5,12,2.7,30.7,17
1962,5,13,7.9,30.8,16.2
1962,5,14,15.1,30.6,17.8
1962,5,15,9.9,28.3,17
1962,5,16,13.9,29.9,16.4
1962,5,17,6.8,26.5,17.6
1962,5,18,6,27.9,17.2
1962,5,19,0,28.9,18.1
1962,5,20,0,28.5,17.8
1962,5,21,0,28.4,16.2
1962,5,22,0,30.6,17.6
1962,5,23,0.5,31.9,16.6
1962,5,24,0,33.6,18
1962,5,25,1.7,33.1,17.9
1962,5,26,1.2,33.5,17.7
1962,5,27,0,32,18.3
1962,5,28,0,33.5,19.6
1962,5,29,0,33.1,18.9
1962,5,30,0.3,33.6,19.4
1962,5,31,1.1,32.5,18.1
1962,6,1,10.2,34.4,19.6
1962,6,2,0,31.4,19.4
1962,6,3,0,31.5,19.2
1962,6,4,5.7,30.3,18.3
1962,6,5,9.3,31.1,17.9
1962,6,6,31.5,32.1,18.5
1962,6,7,2.7,32,18.5
1962,6,8,4,30.9,19
1962,6,9,6.5,29.8,18.5
1962,6,10,9.7,30,17
1962,6,11,27.9,26.6,18.5
1962,6,12,20,24.9,18.4
1962,6,13,7.7,26.4,18.1
1962,6,14,14.6,30.8,18.6
1962,6,15,26.4,31.1,19.3
1962,6,16,15.4,31,18
1962,6,17,0,31.2,18.5
1962,6,18,2.4,30.1,19
1962,6,19,23.5,29.9,19.5
1962,6,20,14.2,29.8,19
1962,6,21,15,28.5,18.5
1962,6,22,9.1,30.1,19.4
1962,6,23,4.7,28.9,19.1
1962,6,24,17.3,29.4,18.3
1962,6,25,0.3,29.4,17.5
1962,6,26,1,29.6,17.2
1962,6,27,2.8,30.4,17.8
1962,6,28,5.7,28,18.4
1962,6,29,14.6,29.1,18.9
1962,6,30,13.1,28.6,18.1
1962,7,1,0.7,28.1,18.2
1962,7,2,11,29.4,17.5
1962,7,3,20.3,26.6,18.2
1962,7,4,5.8,28.8,16.7
1962,7,5,14.2,28.8,17.8
1962,7,6,18.9,28.5,17.8
1962,7,7,2.2,27.6,18
1962,7,8,5,26.4,19.3
1962,7,9,0.9,29.1,18.6
1962,7,10,0,29.1,17.5
1962,7,11,0.5,30,16.8
1962,7,12,3.5,29,17.6
1962,7,13,4.9,28.4,18.9
1962,7,14,10.6,29.4,18.5
1962,7,15,0,29.2,18.3
1962,7,16,8.1,28.6,18.2
1962,7,17,0,27.6,17.4
1962,7,18,13.5,28.7,17.3
1962,7,19,9,27,17.5
1962,7,20,4.9,27.3,17.7
1962,7,21,0.2,27.2,17.3
1962,7,22,16.1,29.4,18
1962,7,23,12.1,28.3,18.2
1962,7,24,0,27.7,17.2
1962,7,25,1.1,27.8,18.2
1962,7,26,4.3,27,18
1962,7,27,5.1,26.4,16.8
1962,7,28,8,28.3,17.5
1962,7,29,1.4,27.1,18.6
1962,7,30,4.8,27,17.9
1962,7,31,10.2,27.3,17.7
1962,8,1,1.5,28.4,18.9
1962,8,2,0.4,28.5,17.4
1962,8,3,0,29.9,15.5
1962,8,4,12.9,29.7,18.2
1962,8,5,0.9,30.5,17.2
1962,8,6,8.4,30.6,17.9
1962,8,7,11,29.6,17.5
1962,8,8,4.5,30.1,17.7
1962,8,9,17.7,27.9,17.4
1962,8,10,36.4,27.1,18.6
1962,8,11,1.5,29.7,18.2
1962,8,12,1.2,31.4,18.2
1962,8,13,0,29.6,17.3
1962,8,14,6.3,28.8,18
1962,8,15,4.6,29.7,16.9
1962,8,16,9.2,29.2,18.4
1962,8,17,3.2,29.4,18.4
1962,8,18,13,29.7,17.6
1962,8,19,14,29,17.2
1962,8,20,2.2,28.5,17.7
1962,8,21,0.9,27.3,17.7
1962,8,22,5.8,29.8,17
1962,8,23,6,30.5,18.1
1962,8,24,1.5,28.9,17.5
1962,8,25,15.9,28.4,15.8
1962,8,26,7.5,28.6,17.6
1962,8,27,13.7,28.7,18.3
1962,8,28,26.1,29.4,17.9
1962,8,29,3.1,29.3,18.8
1962,8,30,3.2,28,18.5
1962,8,31,15.7,29.4,17.7
1962,9,1,3.3,29.2,18.5
1962,9,2,2.4,30,18.6
1962,9,3,7.8,31.2,17.8
1962,9,4,3.3,28.4,18.1
1962,9,5,5.2,28.7,18
1962,9,6,2.5,30.5,18.3
1962,9,7,0,31,18
1962,9,8,6,31.2,17.3
1962,9,9,10.1,31.1,18.9
1962,9,10,3,30.3,18.6
1962,9,11,7,29,18
1962,9,12,10.5,29.5,17.8
1962,9,13,23.6,28.3,17.8
1962,9,14,33.9,28.5,18.3
1962,9,15,23.4,27.8,18.4
1962,9,16,14,28.8,17.6
1962,9,17,19.9,31.2,18.6
1962,9,18,6.7,29.8,17.2
1962,9,19,7.5,28.7,17.8
1962,9,20,10.7,28.5,18.7
1962,9,21,13.2,29.2,18.8
1962,9,22,3,30.3,18.3
1962,9,23,1.7,29.8,18.4
1962,9,24,6.1,30.2,17.6
1962,9,25,10.2,29.9,18.2
1962,9,26,17.2,28.3,18.4
1962,9,27,32.7,30.8,19.3
1962,9,28,34.4,28.4,18.4
1962,9,29,17.8,29,18.8
1962,9,30,19.9,28.8,19.2
1962,10,1,12.1,30.8,18.8
1962,10,2,0.6,28.1,16.4
1962,10,3,10.6,29,16.9
1962,10,4,41.6,28.5,18.2
1962,10,5,7.3,28.8,19
1962,10,6,11.6,29.9,18.1
1962,10,7,5.5,30.1,18
1962,10,8,0,29.7,17.3
1962,10,9,1.4,29.9,16.5
1962,10,10,3.6,29.8,16.5
1962,10,11,3.3,28.3,18.2
1962,10,12,0.4,28.8,17.2
1962,10,13,2.8,29,17
1962,10,14,0.7,29.1,17
1962,10,15,4.4,30,17.5
1962,10,16,7.7,28.2,19.1
1962,10,17,2.3,28,17.1
1962,10,18,0.5,29.4,16.5
1962,10,19,0,29,17.1
1962,10,20,3.4,29.6,17
1962,10,21,0,28.4,17.1
1962,10,22,5,29.7,17.5
1962,10,23,1.9,29.4,17.1
1962,10,24,4,25.9,17.8
1962,10,25,6.3,27.3,16.2
1962,10,26,13.2,29.1,17.2
1962,10,27,8.9,28.6,17.3
1962,10,28,14.4,27.4,17.2
1962,10,29,7.6,27.7,16.9
1962,10,30,5,28.3,16.2
1962,10,31,0,27.2,16.7
1962,11,1,0.1,30.9,15.1
1962,11,2,0,29,14.3
1962,11,3,0,27.5,13.4
1962,11,4,0,24.9,13.4
1962,11,5,0,27.1,12.1
1962,11,6,0,29,12
1962,11,7,0,28.9,14.4
1962,11,8,0,29,15
1962,11,9,0,26.9,14.4
1962,11,10,0,24.3,16.3
1962,11,11,0,28.3,14
1962,11,12,0.9,28.8,14.2
1962,11,13,1.1,20.8,11.2
1962,11,14,0,22,12.9
1962,11,15,0,23.7,11
1962,11,16,0,26.6,12
1962,11,17,1.7,30.3,13
1962,11,18,0,31.5,14.5
1962,11,19,0,29.8,14.7
1962,11,20,0,29.5,14.8
1962,11,21,0,28.9,15.4
1962,11,22,7,30.6,15.8
1962,11,23,2.2,27.9,16.2
1962,11,24,0.7,27.5,16.2
1962,11,25,3.7,26.7,15.4
1962,11,26,0,27.5,15.5
1962,11,27,0,27.6,16.1
1962,11,28,0,27.4,13.7
1962,11,29,0,26.7,14.1
1962,11,30,0,27.3,12.6
1962,12,1,0,27.1,14.6
1962,12,2,0,29.6,13.7
1962,12,3,0,30.8,13.3
1962,12,4,0,29.1,13.7
1962,12,5,0,31.9,14.9
1962,12,6,0.8,27.3,13.3
1962,12,7,0,28.4,16.6
1962,12,8,0,29.4,15.7
1962,12,9,0,24.9,14.9
1962,12,10,0,22.9,14.4
1962,12,11,0,23.6,14.2
1962,12,12,0,25,15.6
1962,12,13,0,24.8,13.9
1962,12,14,0,24.6,13.4
1962,12,15,0,23.4,14.3
1962,12,16,0,28.5,12.6
1962,12,17,0,25.8,12.1
1962,12,18,0,24.3,12.2
1962,12,19,0,27.2,13
1962,12,20,0,28,12.5
1962,12,21,0,28.1,13.4
1962,12,22,0,29.6,12.7
1962,12,23,0,28.2,12.5
1962,12,24,0,28.8,15.2
1962,12,25,0,27.7,15
1962,12,26,3.3,26.8,15.5
1962,12,27,1.6,27.6,15.7
1962,12,28,0.6,26.5,16
1962,12,29,0,26.6,15.5
1962,12,30,0,25.5,14.5
1962,12,31,0,26.4,14.1
1963,1,1,0,26.2,13.6
1963,1,2,0,25.7,13.1
1963,1,3,0,26.5,12.5
1963,1,4,0,28,12.2
1963,1,5,0,27.7,10.6
1963,1,6,0.6,27.5,12.3
1963,1,7,0,28.6,12.8
1963,1,8,0,25.8,12.8
1963,1,9,0,28.6,15.5
1963,1,10,0,30.7,12.4
1963,1,11,0,31.5,11.9
1963,1,12,0,33.6,11.8
1963,1,13,0,29.3,11.3
1963,1,14,0,29.8,11.3
1963,1,15,6.5,26.2,14
1963,1,16,1.5,22.5,15.4
1963,1,17,0,26.1,14.3
1963,1,18,1.8,30.3,12.3
1963,1,19,0,27.4,11.6
1963,1,20,0.2,30.6,12.4
1963,1,21,4.6,26.3,15.1
1963,1,22,0,27,14.6
1963,1,23,1.4,28.9,13.4
1963,1,24,0.8,28.4,14
1963,1,25,0,27,15.1
1963,1,26,0,29.6,12.8
1963,1,27,0,29.6,11.3
1963,1,28,0.6,27.6,14.9
1963,1,29,1,23.2,14.2
1963,1,30,4.1,24.1,13.9
1963,1,31,0.7,25.8,15.6
1963,2,1,0.5,26.2,14.4
1963,2,2,0,28.9,15
1963,2,3,9.7,28.8,14.6
1963,2,4,2.1,23.9,14.1
1963,2,5,0,21.5,12.7
1963,2,6,0,23.3,11.8
1963,2,7,0,25.4,11.1
1963,2,8,0,26.4,8.8
1963,2,9,0,28.9,11.8
1963,2,10,0,29.6,11
1963,2,11,0,28.9,13.7
1963,2,12,0,28.1,12.5
1963,2,13,0.3,27.8,14.6
1963,2,14,0,24.6,15.2
1963,2,15,0,30.7,13.4
1963,2,16,0,29.6,13.8
1963,2,17,0,28.1,14.7
1963,2,18,0,29.2,13.6
1963,2,19,0,31.1,13.5
1963,2,20,0,30.9,16.8
1963,2,21,0,30,12.6
1963,2,22,0,31.1,14.8
1963,2,23,0,25.9,13.8
1963,2,24,0,31.6,14.8
1963,2,25,0.9,28.1,15.6
1963,2,26,3.2,31.7,15.2
1963,2,27,0,27,15.5
1963,2,28,0,29,14.6
1963,3,1,0,29.5,14.6
1963,3,2,0,28.6,15
1963,3,3,0,30.2,14.2
1963,3,4,0,29.9,16.6
1963,3,5,0,31.8,15.1
1963,3,6,0,30.1,16.1
1963,3,7,0,32.1,16
1963,3,8,0,30.7,16.6
1963,3,9,0,30.7,16.8
1963,3,10,0,31.8,15.8
1963,3,11,0,33.7,13.9
1963,3,12,0,32.6,15.1
1963,3,13,0,31.8,15.5
1963,3,14,0,31.1,16.2
1963,3,15,0,31.8,16.2
1963,3,16,0,31.1,14.9
1963,3,17,0,31.1,16.7
1963,3,18,0,32.7,16.6
1963,3,19,0,33,16.9
1963,3,20,7.6,31.5,15.5
1963,3,21,7.9,29.3,15.8
1963,3,22,3.5,29.8,16.7
1963,3,23,0,25.5,17
1963,3,24,0,26.5,15.7
1963,3,25,2.3,27.9,13.6
1963,3,26,0,29.4,15.6
1963,3,27,0,28.1,15.8
1963,3,28,0,29.5,13.7
1963,3,29,0,29,14.6
1963,3,30,0,31.3,15
1963,3,31,0,31.4,15
1963,4,1,0,29.4,14
1963,4,2,0,29.2,12.2
1963,4,3,0,30.5,15
1963,4,4,0,28.3,15.9
1963,4,5,0,30.8,14.8
1963,4,6,5.2,31.8,15.1
1963,4,7,7.3,30.8,15.4
1963,4,8,0,33.3,16.4
1963,4,9,7.8,33.1,14.8
1963,4,10,7.7,32.9,15.2
1963,4,11,4.7,32.7,15.8
1963,4,12,0.2,33.7,16.3
1963,4,13,0,29.7,16
1963,4,14,0,32.3,16.2
1963,4,15,0,28,18.5
1963,4,16,0,31.7,15.6
1963,4,17,0,31.7,15.3
1963,4,18,0,31.7,15.7
1963,4,19,0,32.5,14.9
1963,4,20,0,33.2,15.7
1963,4,21,0,30.8,16.9
1963,4,22,0,34.5,16.2
1963,4,23,0,33.9,16
1963,4,24,0,32.6,14.3
1963,4,25,0,31.6,16
1963,4,26,0,31.2,14.8
1963,4,27,0,33.1,15.9
1963,4,28,0,32.6,15.7
1963,4,29,0,33.5,16.8
1963,4,30,3.9,31.3,16.5
1963,5,1,0,30.4,16.6
1963,5,2,0,31.8,15.9
1963,5,3,0,32.6,16
1963,5,4,2.4,32.6,16.2
1963,5,5,0,31.6,16.8
1963,5,6,0,32.3,17.1
1963,5,7,0,31.7,16.3
1963,5,8,0,30.6,16.7
1963,5,9,0,31.7,15.8
1963,5,10,4.4,31.7,14.8
1963,5,11,0,30.6,15.1
1963,5,12,0,33.5,14.8
1963,5,13,0,30.5,16.4
1963,5,14,0,31,16.1
1963,5,15,6.2,29.6,17
1963,5,16,0,31.4,16.9
1963,5,17,4.9,33.3,16.8
1963,5,18,9.6,32.4,17.2
1963,5,19,0,32.1,18.8
1963,5,20,1.9,31,18.2
1963,5,21,0,29.9,18.2
1963,5,22,2.1,30.1,18.1
1963,5,23,8.4,28.1,18.2
1963,5,24,0,29.2,17.4
1963,5,25,0,29.8,16.8
1963,5,26,0,31.6,17.8
1963,5,27,0,32.9,16.6
1963,5,28,0,32.9,17
1963,5,29,9.3,33.9,17.6
1963,5,30,0.6,31.2,18.2
1963,5,31,0.8,31.4,18
1963,6,1,19.6,31.3,17
1963,6,2,13.7,30.5,18.7
1963,6,3,17.7,31.6,17
1963,6,4,6.6,31.1,17.8
1963,6,5,1.1,33.2,16.2
1963,6,6,3.1,33.8,18.4
1963,6,7,2,34.3,18.6
1963,6,8,5.4,31.9,18.4
1963,6,9,39.5,32.3,18.4
1963,6,10,13.4,32.2,18.8
1963,6,11,14.4,32.1,17.9
1963,6,12,14,31.7,18.6
1963,6,13,2,29.6,19.4
1963,6,14,2.6,31.9,19
1963,6,15,1.1,30.8,18.4
1963,6,16,0.3,31.7,18.8
1963,6,17,9.8,32.5,18.3
1963,6,18,2.3,33.3,17.6
1963,6,19,11.1,32,18.2
1963,6,20,0,30.6,17.3
1963,6,21,0,31.3,18
1963,6,22,0,31.9,17.9
1963,6,23,3.1,31.1,18.6
1963,6,24,7.4,29.6,18.4
1963,6,25,14.2,28,18.5
1963,6,26,1.9,30.5,18.4
1963,6,27,1.5,30.1,17.4
1963,6,28,6.9,31.3,18.1
1963,6,29,16.4,31.4,18
1963,6,30,3.3,28.8,17.9
1963,7,1,24.8,29.3,17.8
1963,7,2,14.9,27.8,18.2
1963,7,3,2,27.7,18.6
1963,7,4,4.4,29.4,19.4
1963,7,5,15.9,29.6,18.4
1963,7,6,25.5,28.3,18.6
1963,7,7,22.3,29.8,17.8
1963,7,8,8.9,29.1,18.8
1963,7,9,1.5,30.9,17.7
1963,7,10,1.1,30,17.8
1963,7,11,5.4,29,19
1963,7,12,5.2,29,19.5
1963,7,13,4.8,29.3,18.2
1963,7,14,0,29.1,19
1963,7,15,0,31.2,18
1963,7,16,0.7,29.9,17.6
1963,7,17,22.8,30.1,18.4
1963,7,18,39.4,27,18.4
1963,7,19,12.4,27.1,18.7
1963,7,20,34.1,30.6,19.4
1963,7,21,9,30,18.4
1963,7,22,17.4,29.4,17.9
1963,7,23,16.9,28.7,17.5
1963,7,24,8.6,28.5,18.6
1963,7,25,10.6,28.2,18
1963,7,26,3.7,29.9,18.2
1963,7,27,0,29.7,18.2
1963,7,28,0.6,27.5,17.6
1963,7,29,0.7,29,17.5
1963,7,30,1.1,30,16.6
1963,7,31,1.1,29.4,17.3
1963,8,1,2.6,28.7,16.3
1963,8,2,4.3,29,18
1963,8,3,5.3,30.3,18
1963,8,4,2,28.3,18.2
1963,8,5,6.4,30.1,19.1
1963,8,6,3.2,31.1,17.9
1963,8,7,22.9,30.9,19
1963,8,8,14,29.2,18.1
1963,8,9,5.3,29.2,18.4
1963,8,10,3.5,31,18.4
1963,8,11,4.5,30.3,17.4
1963,8,12,9.7,29.6,17.6
1963,8,13,0,30.4,17.9
1963,8,14,4.2,28.8,18.6
1963,8,15,14.3,29.1,18.4
1963,8,16,12.4,29,18.8
1963,8,17,9.6,29.6,17.4
1963,8,18,24.2,27.8,17.7
1963,8,19,5.3,28.8,18.1
1963,8,20,4.5,29.4,18.1
1963,8,21,5,29.7,17.9
1963,8,22,11.2,30.1,18.2
1963,8,23,4.5,29.6,17.9
1963,8,24,0,28.9,17.6
1963,8,25,0.6,29.1,16.8
1963,8,26,3.5,30.5,17
1963,8,27,5.7,30.1,18.4
1963,8,28,0,30.4,18.2
1963,8,29,0.6,31,17.4
1963,8,30,4.4,30.9,18.2
1963,8,31,5,31.3,18.2
1963,9,1,2.2,31.2,17.6
1963,9,2,14.7,30,17.2
1963,9,3,4.5,30.8,18.3
1963,9,4,7.7,29.5,18.4
1963,9,5,9.8,30.6,18.4
1963,9,6,11.1,30.9,19.2
1963,9,7,20.3,29.6,18.6
1963,9,8,12.6,29.8,18.3
1963,9,9,2.8,31.6,18
1963,9,10,10.6,30.2,18.6
1963,9,11,8.8,30.1,19
1963,9,12,0.3,27.8,17.5
1963,9,13,12.5,30.6,18.4
1963,9,14,22.8,32.2,17.8
1963,9,15,16.8,32.6,19
1963,9,16,5.7,32.6,17.8
1963,9,17,24.4,30.9,17.6
1963,9,18,30.6,31.7,17.8
1963,9,19,24.5,30.5,17.8
1963,9,20,11.5,29.7,18.7
1963,9,21,21.6,29.2,18.8
1963,9,22,6.7,28.6,18.6
1963,9,23,2.1,25.8,19
1963,9,24,16.6,26.7,17.7
1963,9,25,15.9,26.4,18.5
1963,9,26,34.2,30,19
1963,9,27,22.6,25.5,19.2
1963,9,28,12.3,28.9,17.8
1963,9,29,3.5,29.8,17.6
1963,9,30,12,26.1,18
1963,10,1,0,30,18
1963,10,2,0.9,28.7,17
1963,10,3,1.1,28.4,17.2
1963,10,4,2.3,29.4,18.4
1963,10,5,0.3,31.1,16.5
1963,10,6,8.9,30.2,17.3
1963,10,7,0.5,30.7,17.5
1963,10,8,1.2,30.1,17.5
1963,10,9,3.6,29.5,17.7
1963,10,10,0,28.7,18.6
1963,10,11,0.2,26.5,15.7
1963,10,12,2,28.5,16
1963,10,13,4.6,27.1,16.8
1963,10,14,1,27.1,16.8
1963,10,15,0.6,29.1,16.6
1963,10,16,1,28.1,16.1
1963,10,17,0.6,28.5,17.4
1963,10,18,3.5,28.2,18
1963,10,19,5.3,29.3,16.8
1963,10,20,0,26.5,16.1
1963,10,21,0.3,27.2,16.4
1963,10,22,0,27.3,17.4
1963,10,23,0,28.3,16.8
1963,10,24,0,28.8,16.6
1963,10,25,0,30.5,17.3
1963,10,26,1.8,30.3,16.5
1963,10,27,0.3,30.7,16.6
1963,10,28,0,28.3,17.8
1963,10,29,0,30.1,18
1963,10,30,4.8,29.1,16.5
1963,10,31,0.3,28.8,17.4
1963,11,1,15.6,30.2,17
1963,11,2,0,29.3,17
1963,11,3,0,30.6,18.4
1963,11,4,0,30.4,18.2
1963,11,5,0,32.4,17
1963,11,6,0,32.5,16.3
1963,11,7,0,31,16.4
1963,11,8,0,30,16.5
1963,11,9,8.2,29.8,17.3
1963,11,10,18,29,16.8
1963,11,11,8.4,25.2,17.2
1963,11,12,0,27.4,14.9
1963,11,13,0,26.9,15.4
1963,11,14,0,26.5,14.8
1963,11,15,0,24.7,13.4
1963,11,16,0,25.5,14.8
1963,11,17,0,26.4,14.8
1963,11,18,0,27,15
1963,11,19,0,29.2,17.4
1963,11,20,0,28.7,16.9
1963,11,21,0,30.8,17.6
1963,11,22,2.6,31.5,16.7
1963,11,23,7.1,31.3,17.4
1963,11,24,1.1,29.4,17.9
1963,11,25,0,29.1,17.5
1963,11,26,0,31.7,17.3
1963,11,27,0.9,32.2,16.5
1963,11,28,3.2,28.7,16
1963,11,29,10.2,27.3,16
1963,11,30,2.2,25.3,14.4
1963,12,1,0,28.3,14.8
1963,12,2,0,28.9,15.3
1963,12,3,0,26.1,15.7
1963,12,4,0.5,29.8,15
1963,12,5,0,27.7,16.2
1963,12,6,0,28.9,15.7
1963,12,7,0,30.2,16.2
1963,12,8,0,30.3,15
1963,12,9,0,27.9,15.8
1963,12,10,1.1,29.1,16.4
1963,12,11,0,32.9,15.2
1963,12,12,0,32.2,13.7
1963,12,13,0,31.9,14.2
1963,12,14,0,32.5,15.7
1963,12,15,1.9,29.2,15.6
1963,12,16,3.6,27.6,15.6
1963,12,17,0.3,27.2,16.2
1963,12,18,1.6,24.9,17
1963,12,19,1.1,27.9,15.4
1963,12,20,0.9,30.8,12.8
1963,12,21,0,31.5,12.1
1963,12,22,0,34.3,14
1963,12,23,7.2,31.5,14.4
1963,12,24,1.1,26.3,15.2
1963,12,25,0,26,15.5
1963,12,26,0.4,31,13.6
1963,12,27,0,31.6,14.7
1963,12,28,1.3,29.9,15.3
1963,12,29,3.7,28.1,12.3
1963,12,30,1.9,30.7,12.6
1963,12,31,0.5,23.7,13
1964,1,1,0.2,21.9,13.8
1964,1,2,0,23.2,13.2
1964,1,3,0.3,29.1,13.2
1964,1,4,0,30.1,13.7
1964,1,5,1.3,29.8,13.2
1964,1,6,1.1,29,13.7
1964,1,7,0,28.6,15.5
1964,1,8,0,28.4,15.1
1964,1,9,1.3,29.4,13.3
1964,1,10,0.3,22.9,14.7
1964,1,11,0,29,14.6
1964,1,12,3.2,33,15.8
1964,1,13,1,23,14.7
1964,1,14,0.3,22.6,13.5
1964,1,15,0,30.2,13
1964,1,16,0,32.2,13.3
1964,1,17,0.3,28.9,14.7
1964,1,18,0,31.5,13.4
1964,1,19,0,30.4,14.6
1964,1,20,0,36.3,12.7
1964,1,21,0,33.2,13.4
1964,1,22,0,31.7,15.1
1964,1,23,0,32.7,14.4
1964,1,24,0,33.3,13.6
1964,1,25,0,33.8,15.3
1964,1,26,0,30.7,16.3
1964,1,27,0.6,29.8,16.7
1964,1,28,3.6,30.7,16.4
1964,1,29,1.9,31.2,16
1964,1,30,0.4,28.5,13.8
1964,1,31,0,28.1,11.8
1964,2,1,0,30.3,13.5
1964,2,2,0.4,30.4,15.1
1964,2,3,0,32.7,12.2
1964,2,4,0,32.3,13
1964,2,5,0,32,12.4
1964,2,6,0,33.4,15.7
1964,2,7,0,32.4,12.9
1964,2,8,0,28.4,17
1964,2,9,0,28.3,15.4
1964,2,10,0.9,31.5,14.2
1964,2,11,6.4,30.8,15
1964,2,12,0,26.7,14.6
1964,2,13,0,32.3,13.6
1964,2,14,0,32.7,14.1
1964,2,15,0,32.8,13.6
1964,2,16,2,31.9,16.1
1964,2,17,0,31.9,16.1
1964,2,18,0,32.5,14.7
1964,2,19,0,28.8,17.5
1964,2,20,0,27.6,16.3
1964,2,21,0,30.1,14.9
1964,2,22,0,33.9,16
1964,2,23,0,29.9,14.7
1964,2,24,0,31.8,16
1964,2,25,0,32.9,15.5
1964,2,26,0,32.6,16.4
1964,2,27,0,35,14.4
1964,2,28,1,30.8,15.5
1964,2,29,0,27.6,15.5
1964,3,1,4.8,30.6,13.7
1964,3,2,9.3,34.9,15
1964,3,3,2.6,35.2,15.5
1964,3,4,10,33.5,15.7
1964,3,5,1.4,31.8,17
1964,3,6,1.8,30.7,17.1
1964,3,7,0,32.3,16.4
1964,3,8,0,32,15.8
1964,3,9,0,35.2,15.7
1964,3,10,0,33.9,15.8
1964,3,11,0,30.8,16.3
1964,3,12,0,33.2,15.2
1964,3,13,6.2,34.1,14.3
1964,3,14,0,35,16.8
1964,3,15,2.6,35.7,16.1
1964,3,16,0,33.4,17.8
1964,3,17,0,34.9,17
1964,3,18,0,34.8,15.7
1964,3,19,0,35.3,16.6
1964,3,20,0,36.5,16.3
1964,3,21,0,33,15.9
1964,3,22,0,35.1,15.9
1964,3,23,0,34,13.8
1964,3,24,0,36.3,14.9
1964,3,25,1.4,34.5,15.5
1964,3,26,0,34.9,15.3
1964,3,27,0,34.4,16.4
1964,3,28,0,35.2,17.7
1964,3,29,4.8,34,16.3
1964,3,30,3.9,34.1,16.8
1964,3,31,9.2,34.8,16.5
1964,4,1,0,32.8,16.2
1964,4,2,0,34.5,16
1964,4,3,1,33.2,16.5
1964,4,4,0,32.2,16
1964,4,5,0,36,17.4
1964,4,6,0,36.3,15.4
1964,4,7,1.4,36.6,16.2
1964,4,8,4.8,35.5,16.7
1964,4,9,9.6,32.1,17.6
1964,4,10,0,30.5,18
1964,4,11,0,34,17.4
1964,4,12,0,31.8,15.9
1964,4,13,3.4,34.6,16
1964,4,14,0,34.1,16.9
1964,4,15,1.8,31.6,18
1964,4,16,0,30.5,17.9
1964,4,17,0,31.9,16.2
1964,4,18,0.6,31.9,16.4
1964,4,19,0,33.6,15.8
1964,4,20,0,32.3,17.3
1964,4,21,0,31.6,18.2
1964,4,22,0,33.9,16.3
1964,4,23,15.1,34.5,18
1964,4,24,6.4,34.7,17.9
1964,4,25,3.5,35.2,17.8
1964,4,26,0,32.9,18
1964,4,27,0,34.1,16.3
1964,4,28,0,35,16.8
1964,4,29,0,33.8,17.8
1964,4,30,0,35.8,17.2
1964,5,1,0,34.4,18.8
1964,5,2,0,34.3,17.9
1964,5,3,0,35,19.1
1964,5,4,0,34.9,19.8
1964,5,5,2.4,36.3,20
1964,5,6,3.1,34.8,19.4
1964,5,7,0,33.8,19.2
1964,5,8,0,35.2,19.4
1964,5,9,7.8,33.9,18.2
1964,5,10,8.2,34,17.9
1964,5,11,16.1,33.2,17
1964,5,12,8.4,32.1,17.6
1964,5,13,30.4,33.8,18.9
1964,5,14,7.4,31,19
1964,5,15,3.1,31,19.1
1964,5,16,6.9,31.3,17.6
1964,5,17,13.8,30.8,18.9
1964,5,18,5.9,29.8,17.5
1964,5,19,4.6,28.3,17.2
1964,5,20,0,28.7,16.7
1964,5,21,0.2,31.3,16.5
1964,5,22,0.2,29.7,16.3
1964,5,23,0,31.7,18.5
1964,5,24,2.9,31.5,18.7
1964,5,25,8.8,32.4,18.2
1964,5,26,1.3,30.7,17.3
1964,5,27,0,30.9,17.8
1964,5,28,0,30.5,17.4
1964,5,29,0.2,30.5,18.5
1964,5,30,4.6,32.4,17.1
1964,5,31,14.2,33.1,17.9
1964,6,1,20.1,29.6,19.2
1964,6,2,0,29.3,18.5
1964,6,3,0,30,17.8
1964,6,4,12.1,30.8,17.9
1964,6,5,26,30.8,18
1964,6,6,25.4,30.3,19.3
1964,6,7,20.3,30.5,18.2
1964,6,8,5.8,31,17.5
1964,6,9,3.8,31.2,17.7
1964,6,10,3.3,31.3,18.7
1964,6,11,11.1,29.6,18.3
1964,6,12,23.7,29.8,18.9
1964,6,13,50.4,29.2,17.7
1964,6,14,14.2,28.1,17.7
1964,6,15,0,30,18.6
1964,6,16,3.1,30.1,17.4
1964,6,17,1.3,31,16.8
1964,6,18,4,29.8,17.7
1964,6,19,2.3,30.2,17.8
1964,6,20,3.8,29.2,18.1
1964,6,21,4.1,30.3,17.5
1964,6,22,8.1,30.2,17.3
1964,6,23,8.6,30.3,16.9
1964,6,24,13.4,29.7,17.1
1964,6,25,19,28.1,17.1
1964,6,26,28,27.2,18.6
1964,6,27,4.6,29.2,18.4
1964,6,28,10.7,29.1,18.2
1964,6,29,4.6,28.6,17.8
1964,6,30,7.7,29.5,18.2
1964,7,1,11.3,29.6,18.4
1964,7,2,2.4,28.6,17.7
1964,7,3,4.4,28.6,18.7
1964,7,4,4.6,30.4,17.7
1964,7,5,12.8,30.9,17.7
1964,7,6,11.3,30.7,17.6
1964,7,7,8.6,30.3,17.7
1964,7,8,12.8,30.2,16.1
1964,7,9,12.5,30,17.9
1964,7,10,18.5,28.5,18.4
1964,7,11,7.9,28,17.7
1964,7,12,7.6,29.5,17.7
1964,7,13,20.8,30.4,16.6
1964,7,14,22.9,29.7,18
1964,7,15,38.3,29.4,17.5
1964,7,16,13.5,26.8,17.3
1964,7,17,14.2,29.2,17.4
1964,7,18,6.1,29.9,18
1964,7,19,4.1,28.4,17.2
1964,7,20,15.5,28.3,17.7
1964,7,21,13,26.6,17.4
1964,7,22,8.8,28.4,17.9
1964,7,23,20.5,28.9,17.5
1964,7,24,50.8,29.3,18.8
1964,7,25,37.3,30.5,17.7
1964,7,26,12.1,29.1,18.2
1964,7,27,2.6,31,17.8
1964,7,28,0,31,18.8
1964,7,29,2.7,29.6,17.7
1964,7,30,2.6,30.1,17.5
1964,7,31,5.1,28.8,17.2
1964,8,1,9.1,29.5,17.4
1964,8,2,6.4,27.9,17.4
1964,8,3,0.2,27.8,18.6
1964,8,4,2.8,29.2,17.4
1964,8,5,6.1,29.7,17
1964,8,6,6.1,36.5,16.4
1964,8,7,0.4,32.7,17.8
1964,8,8,9.2,30.2,17.2
1964,8,9,3.7,30,17
1964,8,10,16,29.1,17.1
1964,8,11,9.4,29.2,18.2
1964,8,12,1.8,30.2,18.8
1964,8,13,3.4,29.8,18.3
1964,8,14,1.8,29.8,18.2
1964,8,15,14.7,29.7,17.2
1964,8,16,9.1,26.1,17
1964,8,17,14.2,28.9,16.2
1964,8,18,5,33.4,17
1964,8,19,6.2,29.5,16.6
1964,8,20,16.2,29,17.6
1964,8,21,5.8,28.3,17.9
1964,8,22,3.1,30.8,17.6
1964,8,23,10.3,29.1,17.5
1964,8,24,26.6,29.2,17.9
1964,8,25,11.5,30.6,17.9
1964,8,26,13,29.8,18.7
1964,8,27,11.7,31.6,17.9
1964,8,28,2,31.1,18.3
1964,8,29,8.1,31.9,17.4
1964,8,30,21.2,30.5,18.2
1964,8,31,2.2,31.1,18.5
1964,9,1,18.9,29.4,18.6
1964,9,2,20.5,30.2,19.1
1964,9,3,2.6,28.9,17.4
1964,9,4,23.6,30.5,18.3
1964,9,5,0,28.3,19.3
1964,9,6,0,30.4,18.3
1964,9,7,0,31.3,17.1
1964,9,8,4.2,30.2,17.8
1964,9,9,14.6,29.5,17.9
1964,9,10,14.2,30.1,17.8
1964,9,11,38.4,29.6,17.9
1964,9,12,21,30.4,17.1
1964,9,13,41.4,30.4,17.1
1964,9,14,18.1,29.9,18.2
1964,9,15,0.3,29.7,18.4
1964,9,16,4.8,29,18.5
1964,9,17,0.8,30.4,18
1964,9,18,18.9,30.3,17.9
1964,9,19,15.2,30.6,17.9
1964,9,20,21.2,30.4,17.9
1964,9,21,2.6,29.6,18
1964,9,22,2.2,30.1,17.9
1964,9,23,8.3,29,17.1
1964,9,24,34.6,30.1,17.9
1964,9,25,5.2,29.4,18
1964,9,26,33.8,29.9,18.7
1964,9,27,0,29.4,19.2
1964,9,28,4.4,30.5,19.6
1964,9,29,2.9,31.2,17.8
1964,9,30,0,30,18.3
1964,10,1,6.2,30.9,18.5
1964,10,2,18.4,30.4,18.6
1964,10,3,20.1,30.6,19.6
1964,10,4,7.1,29.9,19.1
1964,10,5,10.6,28.5,18.5
1964,10,6,0.6,30.9,17.9
1964,10,7,0.8,28.8,18.6
1964,10,8,0.4,28.5,16.6
1964,10,9,0.4,30.3,16.5
1964,10,10,0,30.8,17.3
1964,10,11,0,29.2,16.4
1964,10,12,0,29.8,17.2
1964,10,13,0,30.4,17.8
1964,10,14,0,29.8,17.1
1964,10,15,0,30,17
1964,10,16,0,32.4,16.4
1964,10,17,4,32.7,17.7
1964,10,18,7,32.5,18.2
1964,10,19,42,28.1,18.2
1964,10,20,5.5,27.7,16.9
1964,10,21,4,27.6,15.4
1964,10,22,0,27,16
1964,10,23,0,27.9,15.4
1964,10,24,0,29.3,15.7
1964,10,25,1.5,28.3,17.2
1964,10,26,1.6,30.6,16.5
1964,10,27,0,30.5,16.1
1964,10,28,0,32,17
1964,10,29,0,30.4,17
1964,10,30,2.1,27.9,13.6
1964,10,31,0,30.5,16.7
1964,11,1,0,27.4,16.1
1964,11,2,0.2,25.2,17.1
1964,11,3,0,28.1,15.8
1964,11,4,3.7,31.6,16.5
1964,11,5,2.4,28.5,16.7
1964,11,6,0,26.2,14.4
1964,11,7,0.3,27.2,13.8
1964,11,8,2.2,25.3,16.5
1964,11,9,0.8,25,17.6
1964,11,10,1.1,27.2,16.4
1964,11,11,1.9,31.1,17.4
1964,11,12,4.2,30.1,18.2
1964,11,13,2.7,30.8,17.1
1964,11,14,0,28.9,17.1
1964,11,15,0,28.5,15.9
1964,11,16,0,29.5,16.6
1964,11,17,0.6,28,18.1
1964,11,18,0,29.6,16.8
1964,11,19,0.6,30,16.2
1964,11,20,0,29.3,17.1
1964,11,21,10,27.3,16.4
1964,11,22,9.3,26.9,18.3
1964,11,23,16.2,25.8,17.9
1964,11,24,0.9,28.2,17.8
1964,11,25,2.1,29.7,18
1964,11,26,1.1,30.9,16.6
1964,11,27,0,30,17.3
1964,11,28,7.2,31.7,16.8
1964,11,29,24.5,29.7,16.8
1964,11,30,9.2,27.7,15.9
1964,12,1,5.4,25.7,17.5
1964,12,2,1.1,29.4,16.4
1964,12,3,0,30.5,16
1964,12,4,2.3,31.3,16.7
1964,12,5,29,26.5,16.2
1964,12,6,28.7,28.4,16.6
1964,12,7,4.7,23.7,17.3
1964,12,8,0,26.4,15.5
1964,12,9,0,26.9,16.1
1964,12,10,0,28.1,14.7
1964,12,11,0,30.1,15.4
1964,12,12,1.7,27.7,16
1964,12,13,12.9,27.3,17.2
1964,12,14,5.9,26.3,17.7
1964,12,15,9.4,25.1,17.2
1964,12,16,0,27.6,17.2
1964,12,17,0.7,27.1,16.8
1964,12,18,2,26.3,15.8
1964,12,19,4.6,27.1,16.4
1964,12,20,9.4,27,16.8
1964,12,21,11.3,25.5,15.9
1964,12,22,5.1,26.7,17.1
1964,12,23,0,28.5,17.1
1964,12,24,0,31.1,16.5
1964,12,25,0,31.8,13.9
1964,12,26,0,28.6,14
1964,12,27,0,29.9,15.1
1964,12,28,0,28.9,14.5
1964,12,29,0,26.7,14.5
1964,12,30,0,27,14.3
1964,12,31,1.5,26.7,16.1
1965,1,1,0.8,27.4,16.2
1965,1,2,3.1,26.5,15.8
1965,1,3,12.6,26.6,14.4
1965,1,4,2.4,24.7,15.3
1965,1,5,2.2,24.3,14.3
1965,1,6,3.3,23.3,14.7
1965,1,7,1.9,25.4,16.1
1965,1,8,0,26.2,16.2
1965,1,9,0,24.3,13.4
1965,1,10,5.8,26.7,15
1965,1,11,3.9,24.5,15.5
1965,1,12,1.1,25.5,16
1965,1,13,0.3,26,16.4
1965,1,14,0.7,25.6,15.9
1965,1,15,1.2,26.6,15.6
1965,1,16,11.6,23.5,16.5
1965,1,17,8.4,21.5,13.5
1965,1,18,0,18.9,13.9
1965,1,19,0,20.3,12.1
1965,1,20,0.4,25.6,11.2
1965,1,21,0,27.9,13.6
1965,1,22,2.4,26.7,14.4
1965,1,23,6.9,28.8,14
1965,1,24,0,27.4,14.7
1965,1,25,0,28.4,14.6
1965,1,26,0,27.2,12.4
1965,1,27,10.7,26.2,13.9
1965,1,28,3.8,24.5,15.6
1965,1,29,0,26.7,16.1
1965,1,30,0,30.1,13.4
1965,1,31,0,29.9,13.5
1965,2,1,0,30.4,15
1965,2,2,0,28.4,12.9
1965,2,3,1.7,27.5,14.4
1965,2,4,0.3,25.8,15.3
1965,2,5,0,28.1,13.3
1965,2,6,12.4,27.7,14.7
1965,2,7,0,28.5,15.2
1965,2,8,0,27.3,14.3
1965,2,9,0,29,15.1
1965,2,10,0,28.3,13.8
1965,2,11,0,29.6,14.7
1965,2,12,0,29.7,14.7
1965,2,13,4.1,28.4,15.2
1965,2,14,0.9,27.2,14.7
1965,2,15,1.1,26.9,15.9
1965,2,16,0,28.3,15.2
1965,2,17,2.4,28.7,14.1
1965,2,18,5.2,27.1,14.8
1965,2,19,1.6,28.5,17.2
1965,2,20,10.4,29.6,16.4
1965,2,21,0,29.4,16.7
1965,2,22,0,27.2,16.7
1965,2,23,0,29.4,17.3
1965,2,24,3.5,31.8,15.3
1965,2,25,0,23.2,14.9
1965,2,26,1.1,20,12.3
1965,2,27,0,24.6,12
1965,2,28,0,27.7,14.8
1965,3,1,0,29.2,14.2
1965,3,2,0,30.5,12.5
1965,3,3,0,28.8,13.7
1965,3,4,5.6,29.6,16.8
1965,3,5,0.9,26.1,16.2
1965,3,6,2,23.3,15.5
1965,3,7,1.9,25.1,15.1
1965,3,8,0,27.1,15.6
1965,3,9,0,31.3,13
1965,3,10,0,31.2,12.9
1965,3,11,0,32,13.9
1965,3,12,0,31.6,14.2
1965,3,13,0,33.1,14
1965,3,14,0,32.3,15.6
1965,3,15,2.3,33.1,16.2
1965,3,16,2.9,30.6,16.4
1965,3,17,0,32.2,16.4
1965,3,18,0,32.1,16.1
1965,3,19,0,33,16.7
1965,3,20,4.3,29.3,18.3
1965,3,21,2.2,27.9,15.8
1965,3,22,0,29.2,15.8
1965,3,23,13.5,29.4,15
1965,3,24,0.8,30.1,14.1
1965,3,25,3.2,33.2,14.6
1965,3,26,0,32.3,15.7
1965,3,27,0,30.5,14.7
1965,3,28,0,32.1,15.1
1965,3,29,0,30.7,15.7
1965,3,30,1.5,30.7,15.2
1965,3,31,0.9,31.1,17.1
1965,4,1,0,30.8,16
1965,4,2,0,31.7,15.9
1965,4,3,0,31.9,12.9
1965,4,4,0,31.6,14
1965,4,5,0,32.4,15.9
1965,4,6,0,32,15
1965,4,7,0,32,14
1965,4,8,0,32.5,13.5
1965,4,9,0,32,13
1965,4,10,0,33,14
1965,4,11,0,35.5,13
1965,4,12,0,35.5,13.5
1965,4,13,0,35,16
1965,4,14,0,33,15.5
1965,4,15,0,33,11.5
1965,4,16,0,32.5,12.5
1965,4,17,0,31,15
1965,4,18,0,32.5,11.5
1965,4,19,0,32.5,11.5
1965,4,20,0,32,14
1965,4,21,0,30.5,12
1965,4,22,0,30,13
1965,4,23,0,30.5,12
1965,4,24,0,30,12
1965,4,25,0,34,13.5
1965,4,26,0,34,15.5
1965,4,27,0,35.5,16.5
1965,4,28,8,31.5,18.5
1965,4,29,0,31,19
1965,4,30,17,29,18
1965,5,1,1.3,27.2,18.5
1965,5,2,0,25,18
1965,5,3,0,30.5,19
1965,5,4,0,32,20
1965,5,5,0,33,18.5
1965,5,6,0,34,17
1965,5,7,0,34,16
1965,5,8,0,34.5,16.5
1965,5,9,0,34,16.5
1965,5,10,1,33.5,17
1965,5,11,0.4,33,17
1965,5,12,0,32,19.5
1965,5,13,0,33.5,16
1965,5,14,0,34,15
1965,5,15,0,35,15.5
1965,5,16,0,32.5,18
1965,5,17,0,32.5,16.5
1965,5,18,0,32.5,15.5
1965,5,19,0,32,16.5
1965,5,20,15,34.5,19
1965,5,21,1.7,33,18
1965,5,22,0,33.5,18
1965,5,23,15,33,17
1965,5,24,15.7,33,18
1965,5,25,8,31,20
1965,5,26,0,31,19.5
1965,5,27,5.5,33,17
1965,5,28,0,31,21
1965,5,29,0,33,17
1965,5,30,0.5,31,17.5
1965,5,31,0,33,17
1965,6,1,0,34.5,15
1965,6,2,0,34,16.5
1965,6,3,0,33.5,16.5
1965,6,4,0,34.5,17.5
1965,6,5,6,35,21.5
1965,6,6,0,32.5,19.5
1965,6,7,3.7,33.5,20
1965,6,8,0,32,19.5
1965,6,9,11,31,18.5
1965,6,10,15.5,30.5,19
1965,6,11,20,28.5,20.5
1965,6,12,0,29.5,20.5
1965,6,13,8.5,31.5,18.5
1965,6,14,5,30,20
1965,6,15,5,32,19
1965,6,16,10,30,21
1965,6,17,0,31,19.5
1965,6,18,2.4,30.5,19
1965,6,19,8.2,28.5,19.5
1965,6,20,4.5,27.5,19
1965,6,21,20,28,20
1965,6,22,30,28,19.5
1965,6,23,20,26.5,19
1965,6,24,9,24.5,18.5
1965,6,25,7.5,26,18.5
1965,6,26,8.4,26.5,19.5
1965,6,27,20,26,19
1965,6,28,30,24,18.5
1965,6,29,2,26.5,17.5
1965,6,30,1.5,26.5,18
1965,7,1,3.5,27.5,18.5
1965,7,2,10.2,29,17
1965,7,3,1.8,26,18.5
1965,7,4,14.5,29.5,18.5
1965,7,5,0.5,26.5,19.5
1965,7,6,2.1,28,20
1965,7,7,2,28,19
1965,7,8,0,29.5,18.5
1965,7,9,0,29.5,17.5
1965,7,10,2.1,29.5,19
1965,7,11,5,28,18
1965,7,12,10.3,29,19
1965,7,13,4,27,19
1965,7,14,1.3,27,20
1965,7,15,13,29,20
1965,7,16,5.5,29,19
1965,7,17,0,28.5,19
1965,7,18,0,30.5,20
1965,7,19,8,30.5,17
1965,7,20,50,28.5,18.5
1965,7,21,6.5,26,20
1965,7,22,2,26,18.5
1965,7,23,2.5,26.5,18
1965,7,24,8,26,18
1965,7,25,11,27,19
1965,7,26,4.5,27,20
1965,7,27,0,29,20.5
1965,7,28,0,30.5,16.5
1965,7,29,8,29.5,17
1965,7,30,41.5,29.5,19.5
1965,7,31,5,29,19
1965,8,1,1,30,20
1965,8,2,4.5,30,18
1965,8,3,1,30,18
1965,8,4,0,29.5,18.5
1965,8,5,5.5,30,18.5
1965,8,6,3,29,19
1965,8,7,24,27,18.5
1965,8,8,0,26.5,19.5
1965,8,9,1.5,30,19
1965,8,10,1,29.5,18
1965,8,11,0,29.5,18.5
1965,8,12,40,30.5,18.5
1965,8,13,8.5,28.5,18
1965,8,14,2.5,27,20
1965,8,15,5,28.5,19
1965,8,16,40.5,27,19.5
1965,8,17,0,29,19.5
1965,8,18,3.5,29.5,19
1965,8,19,2,28.5,19
1965,8,20,0,29,17.5
1965,8,21,0,29.5,16
1965,8,22,0,30.5,17
1965,8,23,20,27.5,18.5
1965,8,24,10.5,27.5,19.5
1965,8,25,2.5,28.5,20
1965,8,26,0,27,19.5
1965,8,27,46,27.5,18.5
1965,8,28,17,28,19
1965,8,29,0,27,19
1965,8,30,0,29.5,17
1965,8,31,0,30.5,16
1965,9,1,2,31,15
1965,9,2,6,31,17
1965,9,3,2.5,31,18.5
1965,9,4,3,30.5,18.5
1965,9,5,10,29.5,19
1965,9,6,10,29,19
1965,9,7,7.5,30,18.5
1965,9,8,0,30.5,18.5
1965,9,9,7.5,30,19
1965,9,10,7,29.5,19.5
1965,9,11,14.5,28.5,17
1965,9,12,12,29,18.5
1965,9,13,15,29,18.5
1965,9,14,21,27,20
1965,9,15,0,28.5,18.5
1965,9,16,0,28.5,17.5
1965,9,17,26.5,30,18.5
1965,9,18,5,28.5,20
1965,9,19,12.5,28,19.5
1965,9,20,7,29.5,20.5
1965,9,21,12,27.5,20
1965,9,22,38.5,29.5,20
1965,9,23,2,29.5,20.5
1965,9,24,5,29.5,20.5
1965,9,25,0,30,19.5
1965,9,26,0,29,19
1965,9,27,3,29,20
1965,9,28,18,29,20.5
1965,9,29,15,28.5,19.5
1965,9,30,12,30.5,20
1965,10,1,13.8,30.9,16.5
1965,10,2,20.9,31.7,17.4
1965,10,3,1,31.6,17.7
1965,10,4,6.9,31.2,16.7
1965,10,5,1.6,30.8,16.2
1965,10,6,22.2,31.1,17.6
1965,10,7,0,31.8,16.8
1965,10,8,4.4,30.8,17.7
1965,10,9,13.2,28.5,16.2
1965,10,10,3.8,29.1,16.6
1965,10,11,0.6,29,16.8
1965,10,12,6.9,29.7,17.4
1965,10,13,7.1,28.8,17
1965,10,14,42.8,31.4,17.6
1965,10,15,23.8,30.3,17.8
1965,10,16,14.6,29.1,19
1965,10,17,11.9,31.5,18.6
1965,10,18,17.2,31.5,16.9
1965,10,19,16.5,29.8,17.6
1965,10,20,15.5,29.8,15.9
1965,10,21,6.3,29.5,16.8
1965,10,22,4.3,25.4,17.4
1965,10,23,0,27.9,16.3
1965,10,24,0,26.1,16.8
1965,10,25,0,24.5,14.8
1965,10,26,0.3,25.9,13.2
1965,10,27,0,27.6,15.2
1965,10,28,0,27.8,16.3
1965,10,29,0.6,26.6,13.8
1965,10,30,0,24.7,16.8
1965,10,31,1.6,24.5,15
1965,11,1,0,25,16.5
1965,11,2,2,24,17.5
1965,11,3,21,25.5,18
1965,11,4,44,24,19
1965,11,5,22,23.5,18
1965,11,6,3,25,18
1965,11,7,1.5,24.5,17.5
1965,11,8,3,25,18
1965,11,9,13.5,24,18.5
1965,11,10,3.5,27,19
1965,11,11,7,27,18.5
1965,11,12,3.5,27.5,17
1965,11,13,7,25,19
1965,11,14,2,25,19
1965,11,15,8.5,22,17
1965,11,16,0,24.5,18
1965,11,17,1.5,25,18.5
1965,11,18,0,26,17
1965,11,19,0,25.5,16
1965,11,20,0,26,14
1965,11,21,0,27.5,15
1965,11,22,0,24,16
1965,11,23,0,29.5,17
1965,11,24,0,29,16.5
1965,11,25,0,26.5,16
1965,11,26,0,27,15
1965,11,27,0,27.5,14.5
1965,11,28,0,27,15.5
1965,11,29,5.5,26.5,13.5
1965,11,30,0,21.5,14
1965,12,1,0,22,15.5
1965,12,2,0,26,16
1965,12,3,10,27,18
1965,12,4,5.5,28.5,15
1965,12,5,0,23.5,17
1965,12,6,0,26.5,18
1965,12,7,1,22,18
1965,12,8,3,23,16.5
1965,12,9,1.5,21,17
1965,12,10,0,23.5,17
1965,12,11,0,23.5,17.5
1965,12,12,0,28,17
1965,12,13,0,30,16.5
1965,12,14,0,30,13.5
1965,12,15,0,30,15
1965,12,16,0,30.5,12.5
1965,12,17,0,28.5,14
1965,12,18,0,27,14.5
1965,12,19,9,30,14.5
1965,12,20,0,21.5,15.5
1965,12,21,0,20.5,15.7
1965,12,22,0,21.5,15.1
1965,12,23,0,25,14.3
1965,12,24,0,27,16.5
1965,12,25,3,29,16
1965,12,26,2,22,17
1965,12,27,0.5,24,16.5
1965,12,28,6,18.5,15.5
1965,12,29,0,23.5,16
1965,12,30,3.5,22,13.5
1965,12,31,0,22,14
1966,1,1,0,26,14.5
1966,1,2,0,27,13
1966,1,3,3,27.5,13.5
1966,1,4,0,26,14.5
1966,1,5,26,25,17.5
1966,1,6,1,23,18.5
1966,1,7,0,21,17
1966,1,8,0,20,15
1966,1,9,2,20.5,15
1966,1,10,3,23,14
1966,1,11,2.5,21,16
1966,1,12,0,23,16
1966,1,13,0,25,14.5
1966,1,14,0,27.5,14
1966,1,15,0,24.5,15.5
1966,1,16,3,25,16.5
1966,1,17,6,23,18
1966,1,18,0,23,17
1966,1,19,0,25,15
1966,1,20,0,27,11
1966,1,21,0,28,11
1966,1,22,16.5,29,12
1966,1,23,0,21,14
1966,1,24,0,26,15
1966,1,25,0,29.5,15
1966,1,26,1,26,16.5
1966,1,27,0,25,13.5
1966,1,28,0,23.5,9.5
1966,1,29,0,30,11
1966,1,30,1,26,12
1966,1,31,0,21.5,12
1966,2,1,0,28.5,10.5
1966,2,2,0,25,12
1966,2,3,9.8,21,14
1966,2,4,5,18,15
1966,2,5,0,21,13.5
1966,2,6,0,22,10.5
1966,2,7,0,23,11.5
1966,2,8,0,27,11
1966,2,9,0,30,11.5
1966,2,10,0,30.5,12
1966,2,11,0,30,15.5
1966,2,12,9.4,33,14.5
1966,2,13,0,26.5,15.5
1966,2,14,0,28.5,16.5
1966,2,15,0,28.5,15
1966,2,16,0,29,14
1966,2,17,0,30.5,15
1966,2,18,2.8,26,16
1966,2,19,2,23,17.5
1966,2,20,6.5,22,17.5
1966,2,21,0,24.5,17
1966,2,22,0,28,17
1966,2,23,5.5,21.5,17
1966,2,24,1,22,16.5
1966,2,25,0,23,16.5
1966,2,26,0,27,15
1966,2,27,0,33,15
1966,2,28,0,33,17
1966,3,1,0,22,18
1966,3,2,0,28,17.5
1966,3,3,0,33,15.5
1966,3,4,0,35,16
1966,3,5,2.5,21,17.5
1966,3,6,0,17,13
1966,3,7,0,23,12.5
1966,3,8,4,22,14
1966,3,9,0.1,23.5,16
1966,3,10,0.4,25,16
1966,3,11,2.3,24,16.5
1966,3,12,4.2,26,16.5
1966,3,13,1.1,27,13.5
1966,3,14,0.3,25.5,11.5
1966,3,15,0,26,13
1966,3,16,0.2,29,11.5
1966,3,17,0,28.5,15
1966,3,18,5.9,28,15
1966,3,19,0.5,27,17
1966,3,20,1.8,23,14.5
1966,3,21,0,26,16
1966,3,22,0,27.5,16
1966,3,23,6.7,33.5,13
1966,3,24,0,28,15
1966,3,25,0,25.5,17
1966,3,26,0,28.5,18
1966,3,27,0,30,17.5
1966,3,28,0,29,18
1966,3,29,8,33,17.5
1966,3,30,11.3,30,20.5
1966,3,31,0,26,19.5
1966,4,1,0,29,19
1966,4,2,12.3,29,18.5
1966,4,3,0.3,31.5,19
1966,4,4,0,28.5,19
1966,4,5,16.5,31,17
1966,4,6,0,28,17
1966,4,7,0,28,18.5
1966,4,8,0,30,17
1966,4,9,13,33.5,15.5
1966,4,10,1.2,29,17.5
1966,4,11,1.5,28,18
1966,4,12,0,33,19
1966,4,13,0,32,17.5
1966,4,14,0,31,17.5
1966,4,15,0,31,17
1966,4,16,12.8,31,18
1966,4,17,1,30,19
1966,4,18,3.7,31,18
1966,4,19,0,34,16.5
1966,4,20,0,32,17.5
1966,4,21,0,31,20
1966,4,22,2.9,31,18
1966,4,23,0.1,29.5,19
1966,4,24,0.1,31,18
1966,4,25,0,30.5,17
1966,4,26,0,31,17
1966,4,27,0,31.5,16
1966,4,28,0,33,16
1966,4,29,18.6,31,19
1966,4,30,4,29,20
1966,5,1,2.4,28,18.5
1966,5,2,5.5,27,19
1966,5,3,19,28,18.5
1966,5,4,16.4,28.5,19
1966,5,5,11,27.5,19
1966,5,6,2.5,26.5,19
1966,5,7,0,27,19.5
1966,5,8,29.5,28,20
1966,5,9,0,28.5,20.5
1966,5,10,0,32,21
1966,5,11,4.4,30,17.5
1966,5,12,0,30.5,19
1966,5,13,1.5,31,18.5
1966,5,14,0,30,20
1966,5,15,0,32.5,18
1966,5,16,0,32.5,17
1966,5,17,0,33,15.5
1966,5,18,0,33.5,15
1966,5,19,0,32,18.5
1966,5,20,0.2,32,18
1966,5,21,0,32,17.6
1966,5,22,3.9,33.5,17.5
1966,5,23,0,33,17.5
1966,5,24,0,32,17
1966,5,25,18,31.5,17
1966,5,26,1.8,31.5,17.5
1966,5,27,5.5,31.5,17
1966,5,28,18.8,32.5,19
1966,5,29,12,30.5,19
1966,5,30,10.6,27,19.5
1966,5,31,0,30.5,20
1966,6,1,0.8,30.5,16.5
1966,6,2,0.2,29.5,17.5
1966,6,3,13.1,30,18
1966,6,4,14.6,27,19.5
1966,6,5,0,30,19
1966,6,6,1,30.5,18.5
1966,6,7,0,31,17.5
1966,6,8,28,31,14.5
1966,6,9,3.6,28,18.5
1966,6,10,5,29.5,20
1966,6,11,1.6,30,19.5
1966,6,12,8.5,30.5,19
1966,6,13,3.3,30.5,18.5
1966,6,14,8.8,27.5,17.5
1966,6,15,7.6,26.5,19.5
1966,6,16,31.4,28.5,19.5
1966,6,17,5.5,28.5,20.5
1966,6,18,0.4,29.5,21
1966,6,19,0,28.5,20.5
1966,6,20,16.7,29.5,20
1966,6,21,0.8,29,18.2
1966,6,22,16.3,29,17.6
1966,6,23,31.8,26.5,19.2
1966,6,24,0.2,27.5,20.5
1966,6,25,61.8,30,20
1966,6,26,40,28.5,19.5
1966,6,27,38.8,27,20.5
1966,6,28,45.2,25.5,20
1966,6,29,0.4,26.5,18.5
1966,6,30,0.3,29,20
1966,7,1,0.1,28,19.5
1966,7,2,2.7,30,20.5
1966,7,3,0.4,30.5,19
1966,7,4,0.7,30.5,20
1966,7,5,0,30,19
1966,7,6,2.4,30.5,21
1966,7,7,13.3,30,20.5
1966,7,8,27.2,28.5,19.5
1966,7,9,4,28,20
1966,7,10,15.5,28.5,19
1966,7,11,19.3,28.5,19.5
1966,7,12,25.9,27,20
1966,7,13,9.9,28,18.5
1966,7,14,1.9,28,19.5
1966,7,15,0.5,29,19
1966,7,16,0,30,18.5
1966,7,17,37,28,19.5
1966,7,18,0.4,29,16
1966,7,19,31.2,29,18.5
1966,7,20,17.9,27.5,18.5
1966,7,21,3.3,30,19
1966,7,22,4.6,30,19.5
1966,7,23,0,30,20.5
1966,7,24,0,31,19
1966,7,25,0,30.5,16
1966,7,26,8.6,31,18
1966,7,27,1.8,30,20.5
1966,7,28,4,30,20.5
1966,7,29,20,30,20
1966,7,30,0,29,19.5
1966,7,31,0,30.5,17.5
1966,8,1,3.5,30,19.5
1966,8,2,1.4,29.5,17.5
1966,8,3,0,29,19.5
1966,8,4,3,30,20
1966,8,5,1.5,29,20
1966,8,6,2.6,30,19.5
1966,8,7,30.2,30.5,16.8
1966,8,8,0.6,30,18.2
1966,8,9,1.9,30,17.3
1966,8,10,12.7,30,19
1966,8,11,25,29.5,19
1966,8,12,5.6,28,19.5
1966,8,13,3.5,29.5,19.5
1966,8,14,38.6,29,20.5
1966,8,15,2,29,19.5
1966,8,16,9,29.5,18
1966,8,17,0,29,19
1966,8,18,0.2,29,18.5
1966,8,19,5.8,28,19.5
1966,8,20,0,29,19
1966,8,21,7,27.5,17
1966,8,22,8.2,27.5,17.5
1966,8,23,0.2,30,19.5
1966,8,24,12.8,30,16.5
1966,8,25,37.7,30,19
1966,8,26,6.5,28.5,19
1966,8,27,1.2,28.5,20
1966,8,28,0,29,19.5
1966,8,29,0,30,16
1966,8,30,0.2,30,13.5
1966,8,31,5,31.1,16
1966,9,1,0,30.8,19
1966,9,2,3.5,30.5,19
1966,9,3,6.5,29.5,19
1966,9,4,26.5,29,20
1966,9,5,22.4,27,20
1966,9,6,45,26.5,19.5
1966,9,7,3.9,28.5,20
1966,9,8,26.8,27.5,19.5
1966,9,9,14.5,29,18.5
1966,9,10,0,27.5,18
1966,9,11,14.6,29.5,19
1966,9,12,2.6,29,20.5
1966,9,13,0,29,19.5
1966,9,14,0.2,28.5,19
1966,9,15,19.5,31,19.5
1966,9,16,13.4,28,17
1966,9,17,1,28,17.7
1966,9,18,10.6,28.5,17.3
1966,9,19,0,29.5,19
1966,9,20,5.3,30,19
1966,9,21,8.4,29.5,18.5
1966,9,22,41.1,28,20.5
1966,9,23,62.5,28,20
1966,9,24,7.8,28.5,19.5
1966,9,25,37.6,30,19.5
1966,9,26,10.8,28,20
1966,9,27,49.3,30,19
1966,9,28,31.5,30.5,19.5
1966,9,29,12,29,20
1966,9,30,0.5,28,19
1966,10,1,46.4,31.5,20
1966,10,2,8,28,20
1966,10,3,3.5,27.5,20.5
1966,10,4,0.4,29.5,20.5
1966,10,5,16.2,31,19
1966,10,6,0,29,19
1966,10,7,0,29.5,18
1966,10,8,1.7,28.5,16.5
1966,10,9,52.9,30.5,18
1966,10,10,11.8,29.5,20
1966,10,11,49.2,29.5,20
1966,10,12,0,29,20
1966,10,13,0.3,29.5,19
1966,10,14,0.5,29.5,18.5
1966,10,15,5,30,18.5
1966,10,16,0,28,20
1966,10,17,17.6,30,19
1966,10,18,11.5,30.5,18
1966,10,19,31.5,29,19.5
1966,10,20,1.5,22,18
1966,10,21,8.9,26.5,16
1966,10,22,0,26,17
1966,10,23,4.2,28,16
1966,10,24,19.8,28.5,18
1966,10,25,8.3,27,19.5
1966,10,26,2.5,22,18
1966,10,27,0,20.5,16
1966,10,28,1.3,25,16.5
1966,10,29,1.3,20.5,17.5
1966,10,30,0.5,20.5,17.5
1966,10,31,0,26.5,15
1966,11,1,42.1,25,15
1966,11,2,1.5,21,16.5
1966,11,3,0.6,21,14
1966,11,4,0.1,22.5,13
1966,11,5,0.2,22.5,14.5
1966,11,6,0,21.5,15.5
1966,11,7,0,26,16.5
1966,11,8,0,27,17.5
1966,11,9,0,28,19
1966,11,10,0,28,15.5
1966,11,11,0.3,28.5,16
1966,11,12,0,28.5,13.5
1966,11,13,0,27.5,15
1966,11,14,0,27,17
1966,11,15,1,25,13.5
1966,11,16,0,27,13
1966,11,17,0.6,25,14
1966,11,18,11.7,23.5,16
1966,11,19,7.4,22,17.5
1966,11,20,5.8,20,16.5
1966,11,21,5.3,21.5,14.5
1966,11,22,0,22,15.5
1966,11,23,0,22,12.5
1966,11,24,0,24.5,13.5
1966,11,25,2,21,13
1966,11,26,0,24,15
1966,11,27,0,28,13.5
1966,11,28,4.5,22,13.5
1966,11,29,0.2,19,14.5
1966,11,30,0,21,13.5
1966,12,1,1.8,22,14.5
1966,12,2,1.2,21.5,15
1966,12,3,3.6,19,15
1966,12,4,7.8,20,15
1966,12,5,0.3,24,16
1966,12,6,0,25,14.5
1966,12,7,0,28,12.5
1966,12,8,0,27.5,14
1966,12,9,0,29.5,10
1966,12,10,3.1,29,9
1966,12,11,0.3,28,11
1966,12,12,0,21,15
1966,12,13,0,21,15
1966,12,14,0,19,14
1966,12,15,1.5,21,13.5
1966,12,16,0,21,14.5
1966,12,17,1.8,22,13
1966,12,18,2.8,20.5,14
1966,12,19,0,19,14.5
1966,12,20,0,21.5,15
1966,12,21,0,23,8.5
1966,12,22,0.2,26.5,9.5
1966,12,23,0,28.5,10
1966,12,24,6,19,11
1966,12,25,0,23,14
1966,12,26,0,25,12
1966,12,27,0,25,14
1966,12,28,0,26.5,13
1966,12,29,1.2,27.5,14
1966,12,30,0,25,15.5
1966,12,31,0,26,15
1967,1,1,0,28.5,14.5
1967,1,2,0,28.5,15.5
1967,1,3,10.8,30.5,11
1967,1,4,0,29,12
1967,1,5,0,20,13
1967,1,6,0,24,9
1967,1,7,0,27.5,9.5
1967,1,8,0,28,13.5
1967,1,9,1.9,23.5,13
1967,1,10,0,20,15.5
1967,1,11,0,20.5,14
1967,1,12,0,22,13
1967,1,13,0,25,13
1967,1,14,0,29.5,9
1967,1,15,3,29,10
1967,1,16,0,23,15
1967,1,17,0.1,23,11.5
1967,1,18,9.7,23.5,13
1967,1,19,1.5,25,16.5
1967,1,20,0,25,16
1967,1,21,0.1,26,15.5
1967,1,22,0,24.5,11.5
1967,1,23,0,26,12
1967,1,24,2.5,26,11
1967,1,25,0,24.5,12
1967,1,26,0,26.3,13
1967,1,27,43.3,26.5,12.5
1967,1,28,1,21,13
1967,1,29,0,20,15
1967,1,30,0,21.5,15.5
1967,1,31,1,25.5,16
1967,2,1,0,26,16.5
1967,2,2,5.6,26,19
1967,2,3,4.2,24,18
1967,2,4,0.1,27,16.5
1967,2,5,0,25.5,13.5
1967,2,6,0,29.5,12
1967,2,7,0,27,11
1967,2,8,3.5,23.5,12.5
1967,2,9,0.5,23.5,16
1967,2,10,0,25.5,16
1967,2,11,0,30,15
1967,2,12,0,26.5,14.5
1967,2,13,0,26,12.5
1967,2,14,0,20,12.5
1967,2,15,0,24,13
1967,2,16,0,28,7.5
1967,2,17,0,29,9
1967,2,18,1.5,28,13
1967,2,19,0,27.5,14.5
1967,2,20,0,28.5,12
1967,2,21,1.5,29,13
1967,2,22,5,28.5,16.5
1967,2,23,0.9,22.5,16
1967,2,24,3.5,25,17
1967,2,25,1.5,20.5,16
1967,2,26,0,22,14
1967,2,27,0,23.5,11
1967,2,28,1,29,12
1967,3,1,4,23.5,12
1967,3,2,0,23.5,15
1967,3,3,0,26,17
1967,3,4,0,29.5,14
1967,3,5,0,29,13.5
1967,3,6,0,32,13
1967,3,7,0,27,14
1967,3,8,1,24.5,17
1967,3,9,24,23.5,14.5
1967,3,10,1.5,26,17
1967,3,11,0,26.5,15.5
1967,3,12,0,28,14
1967,3,13,0,27.5,13
1967,3,14,0,26,12
1967,3,15,0,27,12
1967,3,16,0,27,12
1967,3,17,0,27,11.5
1967,3,18,0,28,10.5
1967,3,19,0,27,12
1967,3,20,0,28,11
1967,3,21,0,25,13
1967,3,22,3,27,15
1967,3,23,0,27.5,15.5
1967,3,24,0,28.5,15
1967,3,25,38.5,28,16
1967,3,26,0,31.5,17
1967,3,27,0,31.5,16.5
1967,3,28,0,31,15
1967,3,29,0,30,12.5
1967,3,30,0,27.5,14
1967,3,31,0,29,13.5
1967,4,1,0,28,15
1967,4,2,0,27,14.5
1967,4,3,22,29,16
1967,4,4,4,28.5,17
1967,4,5,0,26,17.5
1967,4,6,2.5,29,16.5
1967,4,7,1,29.5,15.5
1967,4,8,0,28,15
1967,4,9,0,28.5,17
1967,4,10,0,28.5,17
1967,4,11,8.5,29,17
1967,4,12,4,30,15
1967,4,13,0,32,14
1967,4,14,0,33,15
1967,4,15,0,31,15.5
1967,4,16,0,30,17
1967,4,17,32,31,18
1967,4,18,0,29.5,14.5
1967,4,19,0,29.5,16
1967,4,20,2.5,30.5,18
1967,4,21,0,30,18.5
1967,4,22,1.5,32,17.5
1967,4,23,0,32.5,18
1967,4,24,0,33,18
1967,4,25,0,30.5,17
1967,4,26,0,31,17
1967,4,27,1,30.5,14
1967,4,28,0,29.5,16
1967,4,29,0,30,14.5
1967,4,30,0,31,12
1967,5,1,0,32,12
1967,5,2,0,35,16
1967,5,3,0,32,19
1967,5,4,0,31,17.5
1967,5,5,0.5,31,17
1967,5,6,0,30.5,17
1967,5,7,5.5,32,14.5
1967,5,8,0,34,14
1967,5,9,0,35,15
1967,5,10,0,34,15
1967,5,11,0,32.5,16
1967,5,12,0,32,19
1967,5,13,0,32,17
1967,5,14,0,33.5,17
1967,5,15,1,34,15.5
1967,5,16,6.5,30,19
1967,5,17,0,29,19
1967,5,18,0,30,17
1967,5,19,0,30.5,16.5
1967,5,20,0,31,13
1967,5,21,0,33,13.5
1967,5,22,10,32,17
1967,5,23,0,24,19.5
1967,5,24,0,25,16
1967,5,25,0,25,18
1967,5,26,0,25,17.5
1967,5,27,0,30,18
1967,5,28,0,30.5,18
1967,5,29,24.5,32,17
1967,5,30,0,32.5,19
1967,5,31,0,34,18
1967,6,1,0.5,34,17
1967,6,2,14,32,19
1967,6,3,4,30,18
1967,6,4,10,29,19.5
1967,6,5,5,30,19
1967,6,6,1,29,18
1967,6,7,0,29,18
1967,6,8,17,31.5,19
1967,6,9,0,29,20
1967,6,10,8,31,19.5
1967,6,11,12,32,19
1967,6,12,21.5,32,18.5
1967,6,13,17,32,19.5
1967,6,14,15,30.5,19
1967,6,15,4.5,27,20
1967,6,16,21.5,30,19
1967,6,17,11,30,18
1967,6,18,32,30,20
1967,6,19,0.5,27.5,19
1967,6,20,29,25,20
1967,6,21,18,27,20
1967,6,22,4.5,29,19
1967,6,23,5.5,28,20
1967,6,24,6.5,27,19.5
1967,6,25,0,29,20
1967,6,26,3.5,30,19
1967,6,27,0,29,19
1967,6,28,4,28,18
1967,6,29,21.5,28,19
1967,6,30,18,29,20
1967,7,1,0,28.3,19
1967,7,2,0.5,28.9,17.5
1967,7,3,6.5,28.6,20
1967,7,4,2.5,28,19.5
1967,7,5,1,28.5,20
1967,7,6,5,28,18
1967,7,7,7.5,28,18
1967,7,8,14.5,28,19
1967,7,9,2.5,27.5,17.5
1967,7,10,8,27,18.5
1967,7,11,5,29,19
1967,7,12,2.5,28.5,19
1967,7,13,0,29.5,18
1967,7,14,0,30,15.5
1967,7,15,0,30,19
1967,7,16,2,29.5,18
1967,7,17,17.5,28,18.5
1967,7,18,8,27,18
1967,7,19,9,28,17.5
1967,7,20,7.5,28,19
1967,7,21,17,29,19.5
1967,7,22,6.5,26,18.5
1967,7,23,0.5,29,18.5
1967,7,24,16,26.5,16.5
1967,7,25,4,28.5,17.5
1967,7,26,3,29,19
1967,7,27,0,28,18
1967,7,28,8.5,28,17
1967,7,29,4,28,19
1967,7,30,0.5,28.5,17.5
1967,7,31,2,27.5,17
1967,8,1,0,30,19.5
1967,8,2,0,29,16.5
1967,8,3,7,29,17.5
1967,8,4,0,30,18
1967,8,5,6,29,19
1967,8,6,2,26,17
1967,8,7,2.5,29,19.5
1967,8,8,0,29,20
1967,8,9,15,30.5,18
1967,8,10,9.5,30,18
1967,8,11,2.5,29.5,18.5
1967,8,12,42,28.5,19.5
1967,8,13,0,29,18
1967,8,14,0,29,18
1967,8,15,10.5,30,18
1967,8,16,0.5,29,19
1967,8,17,1,29,18
1967,8,18,75.5,30,19.5
1967,8,19,2,29,18
1967,8,20,0,29.5,20
1967,8,21,0,30,17.5
1967,8,22,0,31,17
1967,8,23,5,31,17.5
1967,8,24,12.5,29,19.5
1967,8,25,18,28,19
1967,8,26,17,29,20
1967,8,27,2.5,27.5,20
1967,8,28,4,29,19
1967,8,29,2,29.5,18.5
1967,8,30,11,29,18
1967,8,31,11,27,19.5
1967,9,1,2.5,28,18.5
1967,9,2,0,29,17
1967,9,3,0,30,16
1967,9,4,2.5,31.5,16.5
1967,9,5,17.5,31,18
1967,9,6,0,31,19
1967,9,7,0,30,19
1967,9,8,24.5,31,17
1967,9,9,24,29,19
1967,9,10,11,29.5,19
1967,9,11,2.5,29,19.5
1967,9,12,1,28,19
1967,9,13,0,30,20
1967,9,14,1.5,30,17.5
1967,9,15,1.5,30,19
1967,9,16,0,31,19
1967,9,17,10,29.5,18
1967,9,18,0,28,20
1967,9,19,7,31,20
1967,9,20,0.5,30.5,19
1967,9,21,0,30,18.5
1967,9,22,0,31,18
1967,9,23,21.5,30,18.5
1967,9,24,16,28.5,19.5
1967,9,25,11.5,29,19.5
1967,9,26,1,29,20
1967,9,27,5.5,29,20
1967,9,28,63,28,20
1967,9,29,2.5,22,19.5
1967,9,30,31.5,26,17.5
1967,10,1,18,27,19
1967,10,2,35,26.5,19.5
1967,10,3,0,29,20
1967,10,4,1.5,31,18.5
1967,10,5,40.5,29,19
1967,10,6,43,28.5,18.5
1967,10,7,0,29.5,18
1967,10,8,32.5,30.5,19
1967,10,9,0,29,18
1967,10,10,3.5,26,17
1967,10,11,44.5,27,18
1967,10,12,13.5,26.5,19
1967,10,13,0.5,28.5,19
1967,10,14,0,28,19
1967,10,15,26,28,17
1967,10,16,26.5,28.5,18
1967,10,17,56.5,27,19
1967,10,18,36,20.5,19
1967,10,19,0.5,20,16
1967,10,20,0,20,16
1967,10,21,0,21,16.5
1967,10,22,0,26,16
1967,10,23,3,26,17
1967,10,24,0.5,28,18.5
1967,10,25,9,26,18
1967,10,26,0,27,18.5
1967,10,27,0,27.5,17.5
1967,10,28,0,28,18
1967,10,29,0,27.5,16
1967,10,30,12,31,17
1967,10,31,11,28,18
1967,11,1,2,28,17
1967,11,2,0,28,18.5
1967,11,3,1,29,19.5
1967,11,4,8.5,22,19
1967,11,5,2.5,23,18
1967,11,6,0,25,16.5
1967,11,7,0,26,12.5
1967,11,8,0,24,14
1967,11,9,1,22,15.5
1967,11,10,5.5,21,16
1967,11,11,3,25,17
1967,11,12,1.5,25,17.5
1967,11,13,2,22.5,16
1967,11,14,5,21,16.5
1967,11,15,0.5,25,18
1967,11,16,1,25,18
1967,11,17,0,25,16
1967,11,18,0,26,11.5
1967,11,19,0,22,12
1967,11,20,0,24,16
1967,11,21,0,25,16.5
1967,11,22,0,29,17
1967,11,23,0,30,16
1967,11,24,0,31,12
1967,11,25,0,30.5,9
1967,11,26,0,28,11
1967,11,27,0.5,27,13.5
1967,11,28,38,22.5,14
1967,11,29,3.5,25,16
1967,11,30,16,26,19
1967,12,1,0,26.5,17
1967,12,2,1,24,14.5
1967,12,3,0,24,15
1967,12,4,5,23.5,16
1967,12,5,0,24,15
1967,12,6,1,26,16
1967,12,7,0,26,16
1967,12,8,0,26.5,17
1967,12,9,0,28,16
1967,12,10,0,30,13
1967,12,11,0,28,8
1967,12,12,0,24.5,11
1967,12,13,0,29.5,13.5
1967,12,14,0,28,15
1967,12,15,0,27.2,18
1967,12,16,0,27.2,15.5
1967,12,17,0,29.4,13
1967,12,18,0,30,14
1967,12,19,0,29,16
1967,12,20,0,27,14
1967,12,21,9.5,28,15
1967,12,22,33.5,27,12
1967,12,23,6,21,17
1967,12,24,0.5,19,14
1967,12,25,0,19,13
1967,12,26,0,20,14
1967,12,27,0,24,12.5
1967,12,28,0,29,12
1967,12,29,0,25,13
1967,12,30,1.5,25,14.5
1967,12,31,0,26,14.5
1968,1,1,0,25.5,14
1968,1,2,0,26.5,15
1968,1,3,0,26.5,14
1968,1,4,8,24,13
1968,1,5,12.5,21.5,14
1968,1,6,0.5,25,16.5
1968,1,7,6,23.5,12
1968,1,8,9,25,13.5
1968,1,9,0,25.5,15
1968,1,10,2.5,26,15
1968,1,11,0.5,26,16
1968,1,12,15.5,25,15
1968,1,13,1,24,16
1968,1,14,0,18.5,14
1968,1,15,0,19,12.5
1968,1,16,1,20,13
1968,1,17,0.5,21,15
1968,1,18,7,23,15.5
1968,1,19,2,25,16
1968,1,20,24,25,17.5
1968,1,21,0,26,16
1968,1,22,0,25.5,12
1968,1,23,1,26.5,11
1968,1,24,7.5,26.5,12.5
1968,1,25,0,20,14
1968,1,26,0,20,13
1968,1,27,0.5,25,14
1968,1,28,5.5,24,15
1968,1,29,5.5,24,14
1968,1,30,5.5,22,15
1968,1,31,0.5,21,16
1968,2,1,0,25,14
1968,2,2,0,27,9.5
1968,2,3,0.5,23,10
1968,2,4,0,23,12
1968,2,5,7,26,14
1968,2,6,3,20,15
1968,2,7,0,19,11
1968,2,8,0,17,7.5
1968,2,9,0,20.5,8
1968,2,10,0,23,10.5
1968,2,11,0,29.5,9
1968,2,12,0,26,10
1968,2,13,3.5,28,15
1968,2,14,1,25,16
1968,2,15,0,27,16
1968,2,16,0.5,27,16.5
1968,2,17,0,26.5,16
1968,2,18,1.5,28,14
1968,2,19,0.5,25,15
1968,2,20,0,25.5,17
1968,2,21,0,28,15
1968,2,22,0,31,9
1968,2,23,0.5,30,6
1968,2,24,0,23,8.5
1968,2,25,0,19,14.5
1968,2,26,0,25,8
1968,2,27,0,24,10.5
1968,2,28,0,26,7
1968,2,29,0,29.5,8
1968,3,1,0,24,10.5
1968,3,2,0,25,11.5
1968,3,3,0,30,12
1968,3,4,1.5,27.5,14
1968,3,5,0.5,27,15
1968,3,6,0,31,12
1968,3,7,0,27,13.5
1968,3,8,0,29,17
1968,3,9,0,32,13
1968,3,10,0,33,13
1968,3,11,0,35,12
1968,3,12,0.5,30,7
1968,3,13,2,20,10.5
1968,3,14,0,19,12
1968,3,15,0,26,10.5
1968,3,16,0,27,11
1968,3,17,0,27,12
1968,3,18,0,29,13
1968,3,19,0,29,11
1968,3,20,0,31,12
1968,3,21,27.5,30,14
1968,3,22,2.5,20,16
1968,3,23,0,17,14
1968,3,24,0,23,11.5
1968,3,25,0,24.5,9
1968,3,26,0,25,12
1968,3,27,0,27,15
1968,3,28,8,25,17
1968,3,29,0.5,27,16.5
1968,3,30,0,29.5,17.5
1968,3,31,0,30,13
1968,4,1,0,30,13
1968,4,2,0,30,13
1968,4,3,0,29,15
1968,4,4,1.5,34.5,15
1968,4,5,1.5,33,17
1968,4,6,7,29,16.5
1968,4,7,0.5,30,17.5
1968,4,8,0.5,31,17
1968,4,9,1,32,15
1968,4,10,25.5,32,17
1968,4,11,0,26,18
1968,4,12,0,28,16
1968,4,13,0,30,14
1968,4,14,0,31,13
1968,4,15,0,30,15
1968,4,16,0,31,16
1968,4,17,0,32.5,14
1968,4,18,0,32.5,12.5
1968,4,19,0,34,11.5
1968,4,20,0,33.5,14
1968,4,21,0,32.5,15
1968,4,22,0,33,15
1968,4,23,0,33,14
1968,4,24,0,33.5,14
1968,4,25,0,31,16
1968,4,26,0,32,13
1968,4,27,0,33.5,11
1968,4,28,0,32.5,13
1968,4,29,1.5,32,15
1968,4,30,0,30,19
1968,5,1,0,30,16
1968,5,2,0,32,15
1968,5,3,0,34,15
1968,5,4,0,35.5,14
1968,5,5,0,33,18.5
1968,5,6,0,33,18
1968,5,7,0,32.5,17
1968,5,8,0,33,19.5
1968,5,9,0,32,17
1968,5,10,0,33,19
1968,5,11,0,32,17
1968,5,12,0.5,30,17
1968,5,13,9,31,18
1968,5,14,0,31.5,19.5
1968,5,15,0,32.5,16.5
1968,5,16,0,33.5,14
1968,5,17,1,34,16
1968,5,18,29,34,16
1968,5,19,1,26.5,18
1968,5,20,10.5,33,19
1968,5,21,1,29,20
1968,5,22,19.5,30,17.2
1968,5,23,0.5,31,16.7
1968,5,24,33.5,30,17.8
1968,5,25,31,31.5,19.5
1968,5,26,14.5,32,19
1968,5,27,4.5,31.5,19.5
1968,5,28,3.5,31,20
1968,5,29,0.5,31,16
1968,5,30,4,30,19
1968,5,31,16.5,30.5,17
1968,6,1,0,32,18.5
1968,6,2,0,31,18
1968,6,3,0,31.5,19
1968,6,4,6,31.5,17.5
1968,6,5,0,31,19
1968,6,6,7,31,18.5
1968,6,7,4,30,20
1968,6,8,52,29,20
1968,6,9,0.5,30,19
1968,6,10,24,31,19
1968,6,11,20,30,18
1968,6,12,29.5,31,20
1968,6,13,23,30,20
1968,6,14,11.5,30,19.5
1968,6,15,59,29,20
1968,6,16,48,29,19.5
1968,6,17,28,28.5,19.5
1968,6,18,11,27.5,20
1968,6,19,10.5,29,16.3
1968,6,20,11.5,29,17.7
1968,6,21,46.5,31.5,17.8
1968,6,22,0,28,19.5
1968,6,23,6.5,30.5,20
1968,6,24,0.5,30,17.5
1968,6,25,0,29,17
1968,6,26,20,31,17.5
1968,6,27,27,30,19.5
1968,6,28,4.5,28.5,20
1968,6,29,20,27,19.5
1968,6,30,7,27.5,20
1968,7,1,4.5,27.5,20
1968,7,2,23.5,28.5,17
1968,7,3,1,29.5,18
1968,7,4,55,29,19
1968,7,5,56.5,28,20
1968,7,6,18,27.5,16.6
1968,7,7,1,31,16.1
1968,7,8,18.5,29.5,15.5
1968,7,9,0.5,29,19.5
1968,7,10,0.5,29,19
1968,7,11,0.5,29,19
1968,7,12,17.5,28,18
1968,7,13,1,28.5,19.5
1968,7,14,10.5,30,18
1968,7,15,5,29,17.5
1968,7,16,5,29.5,17.5
1968,7,17,1,28,19
1968,7,18,0,29,18.5
1968,7,19,0,29,17.5
1968,7,20,0.5,28,17.5
1968,7,21,2.5,27.5,19
1968,7,22,1.5,27,18
1968,7,23,5,29,17
1968,7,24,1.5,29,18
1968,7,25,9,26,18
1968,7,26,20.5,27,19
1968,7,27,33.5,27,20
1968,7,28,18.5,29,19
1968,7,29,8.5,27,20
1968,7,30,7.5,28.5,18
1968,7,31,2,29,17.5
1968,8,1,9,29,18
1968,8,2,4,27,19.5
1968,8,3,11.5,27.5,18.5
1968,8,4,7.5,29,19
1968,8,5,12,27.5,18
1968,8,6,5,29,18.5
1968,8,7,2,29.5,18.5
1968,8,8,5,28.5,19.5
1968,8,9,0.5,29,17.5
1968,8,10,3,30,19
1968,8,11,1.5,30,19
1968,8,12,3.5,31,20
1968,8,13,55,28,20
1968,8,14,3.5,27,20
1968,8,15,5,27,19.5
1968,8,16,2.5,29,19
1968,8,17,2,28.1,18.5
1968,8,18,27,28.5,17
1968,8,19,25,27.8,19
1968,8,20,44,26.5,19.5
1968,8,21,20.5,28,20
1968,8,22,14,28,18.5
1968,8,23,0,27,19.5
1968,8,24,0,29,17.5
1968,8,25,38,27.2,18
1968,8,26,13.5,28.3,19
1968,8,27,2.5,29.2,18.5
1968,8,28,3.5,28.5,18
1968,8,29,8,29.5,16.5
1968,8,30,7.5,30,18
1968,8,31,2,29,18.5
1968,9,1,1,30,19
1968,9,2,18,31,20
1968,9,3,0,29,20.5
1968,9,4,7,29,18.5
1968,9,5,36,29.5,17
1968,9,6,15,29,18.5
1968,9,7,21,27.5,20
1968,9,8,56,29,20
1968,9,9,37,28.5,20
1968,9,10,2.5,28,19
1968,9,11,1,29,18.5
1968,9,12,0.5,30,18
1968,9,13,4.5,29,19
1968,9,14,0,30,20
1968,9,15,0,30.5,19
1968,9,16,0,31.5,19
1968,9,17,0,32,19
1968,9,18,13,31,20
1968,9,19,6.5,30.5,20
1968,9,20,29,30,20
1968,9,21,31.5,30,19
1968,9,22,18.5,29.5,19.5
1968,9,23,28,30,20
1968,9,24,18.5,30,20
1968,9,25,0.5,28.5,19.5
1968,9,26,0,30,17
1968,9,27,1.5,30,17
1968,9,28,1,29,19
1968,9,29,0,27.5,18.3
1968,9,30,0.5,30,17.9
1968,10,1,0.5,29,18.2
1968,10,2,10.5,30,20
1968,10,3,8.5,29,20
1968,10,4,13,27.5,19.5
1968,10,5,9,27.5,20
1968,10,6,7.5,28,20
1968,10,7,0.5,28.5,20
1968,10,8,0,29.5,19.5
1968,10,9,0,29.5,19
1968,10,10,0,28,18.5
1968,10,11,8.5,30.5,18
1968,10,12,2,28,19
1968,10,13,5,30,20
1968,10,14,5,29.5,19
1968,10,15,1,29,20
1968,10,16,0,28.5,15.5
1968,10,17,9,26,17
1968,10,18,26,21,19.5
1968,10,19,1,20,18
1968,10,20,56.5,29,19
1968,10,21,3,28,20
1968,10,22,0,28,20
1968,10,23,21,27,20
1968,10,24,1,27,19.5
1968,10,25,1,24,17
1968,10,26,0,26,17
1968,10,27,0,23,17.5
1968,10,28,0,23,16.5
1968,10,29,0,26,15
1968,10,30,0,26,16
1968,10,31,0,25,18
1968,11,1,4,27,19
1968,11,2,8,26,19.5
1968,11,3,3.5,25.5,18.5
1968,11,4,0,27.5,19
1968,11,5,2.5,27.5,18
1968,11,6,0,29.5,16
1968,11,7,0,29.5,17.5
1968,11,8,0,27.5,13.5
1968,11,9,0,30,15
1968,11,10,0,27,16.5
1968,11,11,3,29,13
1968,11,12,0,25,15
1968,11,13,0,22,10
1968,11,14,0,24,8.5
1968,11,15,0,27,9
1968,11,16,0,29,10
1968,11,17,0,30,11
1968,11,18,0,32,13.5
1968,11,19,11,26,15
1968,11,20,0,22,17
1968,11,21,0,24.5,11
1968,11,22,0,24,9
1968,11,23,0,25,11
1968,11,24,8,26.5,12
1968,11,25,0.5,23.5,13
1968,11,26,0,26,16
1968,11,27,0,28.5,14
1968,11,28,0.5,30,15
1968,11,29,6,25,17
1968,11,30,1.5,25.5,18
1968,12,1,6.5,30.5,19
1968,12,2,0,27,19
1968,12,3,8,30,18
1968,12,4,0,29.5,18
1968,12,5,0,22,16
1968,12,6,0,24,16
1968,12,7,6,24.5,15
1968,12,8,0,24,17
1968,12,9,0,24.5,14
1968,12,10,5,22,14.5
1968,12,11,1.5,20.5,16.5
1968,12,12,0,23,16
1968,12,13,7.5,27,16
1968,12,14,3.5,25,16
1968,12,15,0.5,22,15
1968,12,16,0,23,12
1968,12,17,0,24.5,11
1968,12,18,0,25.5,12
1968,12,19,0,29,13
1968,12,20,0,27,14
1968,12,21,0,27,15
1968,12,22,0,30.5,12.9
1968,12,23,1,27,13.9
1968,12,24,1,21.5,14.2
1968,12,25,0,22,14.5
1968,12,26,0,24.5,13
1968,12,27,0,28.5,15
1968,12,28,0,30,12
1968,12,29,0,25,13.5
1968,12,30,0,27.5,16
1968,12,31,3,27,16
1969,1,1,13,26,17
1969,1,2,1,21,16.5
1969,1,3,0,25,17
1969,1,4,4,25,17
1969,1,5,1.5,21,16
1969,1,6,0,22,15
1969,1,7,0.5,22,15.5
1969,1,8,0,26,15
1969,1,9,0,30,12
1969,1,10,0,29,12
1969,1,11,1,26.5,13
1969,1,12,0,25,17
1969,1,13,0,26,17
1969,1,14,0,23,14.5
1969,1,15,0,23,15
1969,1,16,0,26,12
1969,1,17,0,27,11
1969,1,18,0,28.5,13
1969,1,19,3,28,13.5
1969,1,20,0,25,15
1969,1,21,0,29,13
1969,1,22,0,28,14.5
1969,1,23,0,29,11.5
1969,1,24,0,28,12
1969,1,25,0,28,11
1969,1,26,0,26,12
1969,1,27,3,27,11
1969,1,28,0.5,26,12
1969,1,29,1.5,26,15
1969,1,30,5.5,24,16
1969,1,31,1,25,16.5
1969,2,1,0,26.5,13.5
1969,2,2,0,26.5,12
1969,2,3,4,28,9
1969,2,4,4,23,10
1969,2,5,0.5,24,16.5
1969,2,6,0,27.5,12
1969,2,7,0,29,13
1969,2,8,0,32,13
1969,2,9,1,22,14
1969,2,10,0,27,16.5
1969,2,11,0,28,13
1969,2,12,0,29.5,15
1969,2,13,0,29,14.5
1969,2,14,0,32.5,14.5
1969,2,15,0.5,31.5,13
1969,2,16,0,29,14
1969,2,17,0,29,16
1969,2,18,23.5,27,15.5
1969,2,19,1.5,25,16.5
1969,2,20,0,25.5,17
1969,2,21,0,29,13
1969,2,22,0,31,13.5
1969,2,23,0,28.5,12
1969,2,24,3,30,13
1969,2,25,2.5,25,15
1969,2,26,0,27,18
1969,2,27,21.7,31,17
1969,2,28,0,28,18
1969,3,1,0,28,19
1969,3,2,0,30,18.5
1969,3,3,0.5,31,14
1969,3,4,0,20,15
1969,3,5,0,24,16
1969,3,6,0,37,17
1969,3,7,0,28,18
1969,3,8,0,31,15
1969,3,9,1.5,28.5,14
1969,3,10,1.5,25,16
1969,3,11,0,26,19
1969,3,12,4.5,30,18
1969,3,13,2.5,24,20
1969,3,14,0,26,19
1969,3,15,0,28.5,18.5
1969,3,16,7,33,17
1969,3,17,6,23,19
1969,3,18,0.5,21,19.5
1969,3,19,0,26,17.5
1969,3,20,0,27,18
1969,3,21,0,30.5,15
1969,3,22,0,31,16
1969,3,23,0,35,17
1969,3,24,0,35,16
1969,3,25,0,26.5,17
1969,3,26,0,20,16.5
1969,3,27,0,20,15
1969,3,28,1,24,15.5
1969,3,29,20.5,25,17
1969,3,30,12.5,25,17
1969,3,31,9.5,24,17.6
1969,4,1,3,24,17.3
1969,4,2,0,27.5,18
1969,4,3,0,27.5,17
1969,4,4,0,28.5,17
1969,4,5,0,31,19
1969,4,6,0,31,19
1969,4,7,2.5,31.5,18
1969,4,8,0.5,31,16
1969,4,9,0,33,16
1969,4,10,0,32.5,16
1969,4,11,0,32,15.5
1969,4,12,0,33,14
1969,4,13,0,34,18
1969,4,14,0,31,17.5
1969,4,15,0,33,17
1969,4,16,0,35,16.5
1969,4,17,0,36.5,14.5
1969,4,18,0,33,15
1969,4,19,0,31,17.5
1969,4,20,0,33.5,16
1969,4,21,1,27,18
1969,4,22,0,28,19.5
1969,4,23,0,30,19
1969,4,24,0,27,18
1969,4,25,0.5,30,13
1969,4,26,0,31.5,14.5
1969,4,27,41,35,16
1969,4,28,0,34,17
1969,4,29,1,36.5,20
1969,4,30,0,32,18
1969,5,1,32,34,17
1969,5,2,0,33,18
1969,5,3,0,33,19
1969,5,4,0,34.5,19
1969,5,5,0,35,18
1969,5,6,0,36.5,18
1969,5,7,0,35,18.5
1969,5,8,0,35,17.5
1969,5,9,60,33.5,19
1969,5,10,0.5,32,20
1969,5,11,0,32,19.5
1969,5,12,0,31,18.5
1969,5,13,0,32,18.5
1969,5,14,0,33,18
1969,5,15,0,31,20
1969,5,16,0,30.5,19.5
1969,5,17,2,32,19
1969,5,18,0.5,30,21
1969,5,19,0,31.5,20
1969,5,20,0.5,29,21
1969,5,21,0,32,20
1969,5,22,13,29,20
1969,5,23,8,25,21
1969,5,24,0,27,18
1969,5,25,1,28.5,18
1969,5,26,5,31,20
1969,5,27,0.5,29,21
1969,5,28,2.5,29,20
1969,5,29,0,30,19.5
1969,5,30,0,28,18
1969,5,31,0,31,17
1969,6,1,21,32,19
1969,6,2,11.5,32.5,18
1969,6,3,0,29,20
1969,6,4,35,31.5,20
1969,6,5,22,31,21
1969,6,6,0,29,20
1969,6,7,3.5,30,20
1969,6,8,0,31,18.5
1969,6,9,0,31,19
1969,6,10,20,29.5,20.5
1969,6,11,0,32.5,21.5
1969,6,12,36,34,19
1969,6,13,0.5,32,20
1969,6,14,6,31,20.5
1969,6,15,22,31.5,21
1969,6,16,3,30,19.5
1969,6,17,8,30,21
1969,6,18,0.5,31,20.5
1969,6,19,7,30,20
1969,6,20,0,31,19
1969,6,21,2.5,29.9,19
1969,6,22,0,30.2,20.5
1969,6,23,3,30.7,18
1969,6,24,0,30.1,19
1969,6,25,0,31.5,17
1969,6,26,12,30,17.5
1969,6,27,35.5,30,19
1969,6,28,27,29.5,20
1969,6,29,3.5,27,19.5
1969,6,30,23,26,19
1969,7,1,64,26.5,20
1969,7,2,35,27,20.5
1969,7,3,13.5,30,19.5
1969,7,4,23,30,21
1969,7,5,26.5,29,20.5
1969,7,6,3.5,29,19.5
1969,7,7,0,30,19.5
1969,7,8,9,29,20
1969,7,9,5,27,20
1969,7,10,28,27.5,15
1969,7,11,12,27,20
1969,7,12,34.5,28,19.5
1969,7,13,6.5,28,20
1969,7,14,0,30,19.5
1969,7,15,0,29.5,17
1969,7,16,0,29.5,18
1969,7,17,1.5,30,18
1969,7,18,9,28.5,20
1969,7,19,10.5,26.5,18.6
1969,7,20,18,29,19.4
1969,7,21,0.5,29,19.4
1969,7,22,56,30,19
1969,7,23,1.5,29,20
1969,7,24,0,30,20.5
1969,7,25,0,31,15.5
1969,7,26,0,31,18.5
1969,7,27,0,31,18
1969,7,28,9,30.5,18
1969,7,29,0.5,30,20
1969,7,30,19,26,17.5
1969,7,31,6,28,16.5
1969,8,1,2.5,29,19
1969,8,2,9,27.7,20.3
1969,8,3,25,28.4,20
1969,8,4,10,28.5,20.5
1969,8,5,11,28.1,20
1969,8,6,1,28.5,19
1969,8,7,5,30,20
1969,8,8,23.5,29,20
1969,8,9,47.5,25,20.5
1969,8,10,19,27,20
1969,8,11,84.5,29,20
1969,8,12,9,26,19
1969,8,13,2,29,20.5
1969,8,14,12.5,31.5,20
1969,8,15,0,31,20
1969,8,16,55.5,32,19
1969,8,17,1,31.5,15
1969,8,18,3.5,30.5,20
1969,8,19,6,30,21
1969,8,20,7.5,27,20.5
1969,8,21,10,28.5,20
1969,8,22,28.5,28,21
1969,8,23,0,29,19
1969,8,24,5,27.4,19.5
1969,8,25,51,27.8,19
1969,8,26,23.5,29,19.5
1969,8,27,56,27,20
1969,8,28,16.5,29,20
1969,8,29,20.5,29.5,15
1969,8,30,24.5,29,19.5
1969,8,31,2.5,29.5,19
1969,9,1,0,30,20
1969,9,2,10,31,19
1969,9,3,29,26.5,20
1969,9,4,37.5,24,20
1969,9,5,5,24,20.5
1969,9,6,1.5,27,20.5
1969,9,7,51.5,30,20
1969,9,8,38,29,20
1969,9,9,17.5,29,19.5
1969,9,10,6.5,28.5,20
1969,9,11,6.5,29,19
1969,9,12,10.5,29,20
1969,9,13,6.5,28,20
1969,9,14,24.5,28,19.5
1969,9,15,8.5,28.5,19.5
1969,9,16,0,30,19
1969,9,17,0,29,19
1969,9,18,1,29.5,19
1969,9,19,8.5,29,20
1969,9,20,3,29,20.5
1969,9,21,19,29.5,20.7
1969,9,22,24.5,30.5,19.4
1969,9,23,14,29.5,19
1969,9,24,6,29,20
1969,9,25,47,27.5,21
1969,9,26,17.5,28.5,19
1969,9,27,30,30,20
1969,9,28,4,30,18.5
1969,9,29,9.5,27,19
1969,9,30,0,27,17
1969,10,1,3.5,29,15.5
1969,10,2,10,28,16
1969,10,3,0,25.5,20
1969,10,4,0.5,29,20
1969,10,5,8.5,30,19.5
1969,10,6,20,30,20.5
1969,10,7,26,29,20
1969,10,8,5.5,29,19
1969,10,9,2.5,29,19
1969,10,10,0,29.5,19.5
1969,10,11,0.5,31,17
1969,10,12,1.5,30,19
1969,10,13,0,32,20
1969,10,14,0,30,17
1969,10,15,1.5,29.5,16
1969,10,16,1,30,19
1969,10,17,0.5,26.5,20
1969,10,18,0,30,14
1969,10,19,71.5,30.5,16
1969,10,20,25.5,30,19
1969,10,21,1.5,30,20
1969,10,22,2.5,30,20
1969,10,23,5,30.5,20
1969,10,24,3,29.5,20.5
1969,10,25,0,27.5,16
1969,10,26,6,29,17
1969,10,27,20,27.5,19
1969,10,28,8.5,28,20
1969,10,29,21.5,29,19.5
1969,10,30,2,30,19.5
1969,10,31,8.5,29,19.5
1969,11,1,1,29,15
1969,11,2,0,27,17
1969,11,3,0,27.5,16
1969,11,4,5.5,27,17.5
1969,11,5,4,26,18.5
1969,11,6,2.5,26.5,20
1969,11,7,0,27,18
1969,11,8,0,28,16
1969,11,9,0,27,15
1969,11,10,0,26.5,13
1969,11,11,0,25,16
1969,11,12,0,27,15.5
1969,11,13,0,27,13
1969,11,14,0.5,31,11
1969,11,15,0,27,13
1969,11,16,4.5,24,17
1969,11,17,4,27,18.5
1969,11,18,18,28.5,17
1969,11,19,28,24,19
1969,11,20,3,19,16
1969,11,21,0,18,14
1969,11,22,1,24,15
1969,11,23,8,25,17
1969,11,24,12.5,26,18
1969,11,25,1,26,17
1969,11,26,0,24,15.5
1969,11,27,1,25,17
1969,11,28,12,26,18.5
1969,11,29,15.5,26,19
1969,11,30,10.5,22,18.5
1969,12,1,6.5,26,18
1969,12,2,0.5,20,18
1969,12,3,0,25,16
1969,12,4,0,25,15
1969,12,5,0,26.5,17
1969,12,6,0,29,17
1969,12,7,0,28,13
1969,12,8,0,26,14
1969,12,9,0.5,28.5,18
1969,12,10,0,30.5,13
1969,12,11,6,28.5,14
1969,12,12,2.5,21,17.5
1969,12,13,0.5,21,15
1969,12,14,1,19,13.5
1969,12,15,0.5,19,14.5
1969,12,16,1,18.5,15
1969,12,17,0,19.5,15
1969,12,18,0,22,14.5
1969,12,19,0.5,21,13
1969,12,20,0,21,15
1969,12,21,0,25,16
1969,12,22,0,27,11.5
1969,12,23,0,27.5,13.5
1969,12,24,0,28,14
1969,12,25,0,28,9.5
1969,12,26,0,26,16
1969,12,27,0,25,8
1969,12,28,0,28,12
1969,12,29,0,28,12.5
1969,12,30,0,30,14
1969,12,31,2.5,24,17
1970,1,1,3,24,15
1970,1,2,0,26,17
1970,1,3,1.5,28,17
1970,1,4,1.5,23,17
1970,1,5,0,26,15
1970,1,6,0.5,29,13
1970,1,7,1,19,14
1970,1,8,0,18.5,13
1970,1,9,3.5,18.5,13
1970,1,10,0,21,13
1970,1,11,0,27,14
1970,1,12,0,28,10
1970,1,13,0,27,11
1970,1,14,0,28,13
1970,1,15,0,23,16
1970,1,16,0,27,12
1970,1,17,0,25,8
1970,1,18,0,26.5,9
1970,1,19,0,29,6.5
1970,1,20,0,25,8
1970,1,21,0,27,13
1970,1,22,0.5,26,14
1970,1,23,2.5,25,17
1970,1,24,5.5,23,17
1970,1,25,0,26,16
1970,1,26,0,30,12.5
1970,1,27,1,28.5,13.5
1970,1,28,0,27,16.5
1970,1,29,0,28.5,17
1970,1,30,3.5,23,17
1970,1,31,1,21,16.5
1970,2,1,0,27.5,16
1970,2,2,0,33,16
1970,2,3,0.5,18,9
1970,2,4,0,15,11
1970,2,5,0,22.5,11
1970,2,6,1.5,24,11
1970,2,7,1,20,12
1970,2,8,0,23,14
1970,2,9,0,25,15
1970,2,10,0,22,14
1970,2,11,0,23,11
1970,2,12,2,23.5,12
1970,2,13,0,20,14
1970,2,14,0,26.5,14
1970,2,15,0,31,12
1970,2,16,0.5,28.5,14
1970,2,17,0,23,15
1970,2,18,0,26,13
1970,2,19,2,30.5,14
1970,2,20,6,27,16
1970,2,21,1,25,16
1970,2,22,4,21,15.5
1970,2,23,1.5,23,16
1970,2,24,0,27.5,16
1970,2,25,0,30,13.5
1970,2,26,2,25,13.5
1970,2,27,0,25,14
1970,2,28,0,27,13
1970,3,1,0,26.5,15
1970,3,2,0,30,12.5
1970,3,3,0,30,13.5
1970,3,4,0,32,14
1970,3,5,0,32.5,15
1970,3,6,0,30,16
1970,3,7,0,35,10
1970,3,8,0,27.5,11
1970,3,9,0,22.5,14
1970,3,10,0,33,16
1970,3,11,0,35,10
1970,3,12,2.5,32,11
1970,3,13,3.5,22,14
1970,3,14,0.5,20,15.5
1970,3,15,0,21,14
1970,3,16,0,24.5,8
1970,3,17,0,32,8.5
1970,3,18,0,31,10
1970,3,19,0,30,16
1970,3,20,0,29,14
1970,3,21,0,32,15
1970,3,22,0,30,18
1970,3,23,0,31.5,18.5
1970,3,24,0,27,19.5
1970,3,25,0,33,15
1970,3,26,9.5,34,16
1970,3,27,0,29,17.5
1970,3,28,0,32.5,15
1970,3,29,0,34,16
1970,3,30,0,35,17
1970,3,31,0,34.5,17.5
1970,4,1,0,35,17
1970,4,2,0,34.5,18
1970,4,3,0,30,21
1970,4,4,0,32.5,17.5
1970,4,5,0,32,16
1970,4,6,1,27,17
1970,4,7,0,27,19
1970,4,8,0,30,16
1970,4,9,0,32,14
1970,4,10,2,33.5,12
1970,4,11,26,33,16
1970,4,12,0,32,16.5
1970,4,13,0,34,17
1970,4,14,0,35,17.5
1970,4,15,0,34,16
1970,4,16,0,33,17
1970,4,17,0,32,19.5
1970,4,18,0,33,18.5
1970,4,19,0,37,15.5
1970,4,20,0,34,18
1970,4,21,0,34,17
1970,4,22,0,32.5,16
1970,4,23,0,32,19
1970,4,24,0,31,21
1970,4,25,0,31.5,16
1970,4,26,0,32,19.5
1970,4,27,0,34.5,18
1970,4,28,0,35,17.5
1970,4,29,0,35,18
1970,4,30,0,36,21
1970,5,1,0,36,18
1970,5,2,4,33,19
1970,5,3,2.5,29,20
1970,5,4,2,22,20
1970,5,5,10.5,23,19
1970,5,6,0,23,17
1970,5,7,0,24,14
1970,5,8,0,30,14
1970,5,9,0,32.5,14
1970,5,10,0,33,16
1970,5,11,19,32.5,19
1970,5,12,4,31,20
1970,5,13,0,31,19.5
1970,5,14,17.5,31.5,16.5
1970,5,15,2.5,32,20
1970,5,16,15.5,30,19
1970,5,17,0,29,16
1970,5,18,0,29,13
1970,5,19,0,31.5,11
1970,5,20,0,31.5,12
1970,5,21,0,31,15
1970,5,22,28.5,30.1,16
1970,5,23,25.5,29.3,17
1970,5,24,0,29.8,17
1970,5,25,0,33.5,16.5
1970,5,26,0,34,19
1970,5,27,0,32.5,19
1970,5,28,0,33,16
1970,5,29,0,31.5,19.5
1970,5,30,0,32,19.5
1970,5,31,0,32,17.5
1970,6,1,0,34,17
1970,6,2,19,31,18
1970,6,3,19.5,29,19.5
1970,6,4,0,27.9,20
1970,6,5,25,28.6,21
1970,6,6,5.5,28.3,21
1970,6,7,1,28.8,21
1970,6,8,3,28,20
1970,6,9,2.5,30,20.3
1970,6,10,0,28.8,19
1970,6,11,0,30.9,17.8
1970,6,12,2,30.5,19
1970,6,13,19.5,23.5,19.5
1970,6,14,3,29.5,18.5
1970,6,15,0,29,18
1970,6,16,11.5,30.5,16.5
1970,6,17,6.5,30,19
1970,6,18,7,26,20.5
1970,6,19,12,29,20.5
1970,6,20,24.5,29,20.5
1970,6,21,12,29,20
1970,6,22,4.5,29.5,19
1970,6,23,3.5,30,20
1970,6,24,16,29.5,20.5
1970,6,25,0.5,30.5,19
1970,6,26,0,30.5,19.5
1970,6,27,11.5,30,18
1970,6,28,13,29,20
1970,6,29,12.5,29.5,19.5
1970,6,30,19,29,17
1970,7,1,6.5,29,18
1970,7,2,2.5,27.5,19
1970,7,3,2.5,26,18.5
1970,7,4,16,27.5,19
1970,7,5,48.5,27.5,20
1970,7,6,12,29,19.5
1970,7,7,2,29,20.5
1970,7,8,2,29.5,20.5
1970,7,9,0,28,19.5
1970,7,10,4.5,30,18.5
1970,7,11,3,29.5,18.5
1970,7,12,2,29,20
1970,7,13,48.5,28,20
1970,7,14,36,27.5,20
1970,7,15,2.5,27,19
1970,7,16,9,28.5,20
1970,7,17,1.5,25,18.5
1970,7,18,2,29.5,18
1970,7,19,12,30,19.5
1970,7,20,3,27,19
1970,7,21,35,29.5,19
1970,7,22,32.5,30,19.5
1970,7,23,6.5,30,19.5
1970,7,24,0,30,18.5
1970,7,25,0,30.5,19.5
1970,7,26,7.5,30,18
1970,7,27,6.5,29,19.5
1970,7,28,15.5,28.5,19
1970,7,29,16.5,28.5,20
1970,7,30,21,29,20.8
1970,7,31,29.5,30,20.7
1970,8,1,1.5,29,20.1
1970,8,2,29,28.5,19.1
1970,8,3,1.5,26,19
1970,8,4,26.5,28.5,19.5
1970,8,5,6,29.5,19.5
1970,8,6,4,30,20
1970,8,7,4.5,28.5,19.5
1970,8,8,32,28.8,18
1970,8,9,14,29.5,19.5
1970,8,10,0,28.5,20
1970,8,11,15.5,32,18.5
1970,8,12,14,31,17.5
1970,8,13,4,30,17.5
1970,8,14,4.5,29,17
1970,8,15,7.5,25.5,17
1970,8,16,20,28,19
1970,8,17,0,29,17
1970,8,18,1.5,30,17
1970,8,19,1,30,19
1970,8,20,0.5,30,19.5
1970,8,21,1,30.5,20
1970,8,22,0,30,19
1970,8,23,0,29.9,17
1970,8,24,0.5,29.5,15
1970,8,25,21.5,28.9,18
1970,8,26,22,27,20
1970,8,27,63,29,20.5
1970,8,28,40,28,20
1970,8,29,6.5,26,20.5
1970,8,30,8.5,28,20
1970,8,31,7,28,20.5
1970,9,1,3.5,29,19
1970,9,2,8.5,30,18
1970,9,3,0,30,15.5
1970,9,4,7,30,18
1970,9,5,10,29,19.5
1970,9,6,5,27.5,19.5
1970,9,7,4,25,19
1970,9,8,1,26.5,19
1970,9,9,14,30,19
1970,9,10,33,29,20
1970,9,11,37,28,19.5
1970,9,12,0,26,20
1970,9,13,2.5,30,17.5
1970,9,14,0,29.5,18
1970,9,15,0.5,30,19
1970,9,16,9,30,18
1970,9,17,8,28.5,19
1970,9,18,15,28.5,19
1970,9,19,25,29,19.5
1970,9,20,2.5,30,19
1970,9,21,43.5,23.5,20
1970,9,22,7.5,27,19
1970,9,23,14.5,27,20
1970,9,24,0.5,28,19
1970,9,25,4,29,18.5
1970,9,26,0,29.5,19.5
1970,9,27,8.5,29.5,18
1970,9,28,14,28,19
1970,9,29,22,27,20
1970,9,30,4.5,29,20
1970,10,1,0,30,20
1970,10,2,20,28,19.5
1970,10,3,6,25.5,20
1970,10,4,6.5,29,20
1970,10,5,0,30,20
1970,10,6,0,27.5,19
1970,10,7,0,28.3,16
1970,10,8,0,27.6,16
1970,10,9,13,32,17
1970,10,10,0,29,20
1970,10,11,0,29,18
1970,10,12,0,30.5,18
1970,10,13,6.5,28.5,19
1970,10,14,12,29,20
1970,10,15,0.5,27.5,19
1970,10,16,12,27,20
1970,10,17,6,26,18.5
1970,10,18,14,27,19
1970,10,19,3.5,25,19
1970,10,20,13.5,25.5,19
1970,10,21,4.5,28,19.5
1970,10,22,0,29.5,20
1970,10,23,0,29,17
1970,10,24,0,30,15
1970,10,25,0,27.5,16
1970,10,26,0.5,28,19
1970,10,27,3,27,19
1970,10,28,8.5,27,19
1970,10,29,46,23.5,18.5
1970,10,30,4,26,18.5
1970,10,31,0,24,18.5
1970,11,1,1,26,18
1970,11,2,2.5,27.5,17
1970,11,3,0.5,25,17
1970,11,4,3.5,22,17.5
1970,11,5,3,20,16.5
1970,11,6,0.5,22,15
1970,11,7,0,25,16
1970,11,8,0,25,16
1970,11,9,0,28,12.5
1970,11,10,1.5,25.5,15
1970,11,11,0.5,25.5,15.5
1970,11,12,0,23.5,17
1970,11,13,0,26.5,18
1970,11,14,6.5,31,16.5
1970,11,15,2,20,17.5
1970,11,16,0.5,19,15
1970,11,17,0,19,14
1970,11,18,0,23,13
1970,11,19,0,25.5,10
1970,11,20,0,29,11
1970,11,21,1.5,26,11
1970,11,22,0,25,13
1970,11,23,7,24,14
1970,11,24,13,18.5,16
1970,11,25,0,20.5,14
1970,11,26,0,24,13
1970,11,27,0,26,10.5
1970,11,28,13,24,11.5
1970,11,29,9,25,14
1970,11,30,0,23,16.5
1970,12,1,0,25,14
1970,12,2,6,22,14
1970,12,3,3.5,20,15
1970,12,4,3.5,25,16
1970,12,5,0,22,15.5
1970,12,6,0.5,20,12.5
1970,12,7,1.5,23,14
1970,12,8,4.5,21.5,14.5
1970,12,9,0,23.5,15
1970,12,10,0,24,14
1970,12,11,0,26,14
1970,12,12,2,26,13
1970,12,13,9,24,15
1970,12,14,0,25,17.5
1970,12,15,0,26,14
1970,12,16,0.5,28,11
1970,12,17,22.5,21.5,12
1970,12,18,1,25.5,17
1970,12,19,0.5,26,15.5
1970,12,20,0,26,16
1970,12,21,0,23,17
1970,12,22,0,26,13.5
1970,12,23,0,27,15
1970,12,24,22.5,24,14
1970,12,25,0,26,15
1970,12,26,0,26,13
1970,12,27,0,25,14.5
1970,12,28,0,25,11.5
1970,12,29,0,26.5,11
1970,12,30,0,26,11.5
1970,12,31,2,27,12.5
1971,1,1,0.5,23,13
1971,1,2,0,26,13
1971,1,3,0,27,13
1971,1,4,0,29.5,14
1971,1,5,2.5,25,14.5
1971,1,6,1,25,16
1971,1,7,4,23,18
1971,1,8,4.5,23,18
1971,1,9,0.5,25,16.5
1971,1,10,0,25,15
1971,1,11,4,26,15.5
1971,1,12,0,26.5,16
1971,1,13,0,26,13
1971,1,14,1,25,14
1971,1,15,22.5,24,16
1971,1,16,0,24.5,16
1971,1,17,0,22,11
1971,1,18,0,25,10.5
1971,1,19,4,26.5,11
1971,1,20,0,22,13
1971,1,21,0,20,13.5
1971,1,22,0,23,12
1971,1,23,0,27.5,12
1971,1,24,0,28,12
1971,1,25,0,28,13.5
1971,1,26,0,26,11
1971,1,27,3,26.5,12
1971,1,28,1.5,23.5,15.5
1971,1,29,0,25,16
1971,1,30,0,26.5,11.5
1971,1,31,0,30,9
1971,2,1,0,30,7
1971,2,2,0.5,27,8
1971,2,3,0,26,12
1971,2,4,0,26,11
1971,2,5,0,31,11
1971,2,6,0,28.5,12
1971,2,7,0,30.5,12.5
1971,2,8,0,29,12
1971,2,9,0.5,19.5,13
1971,2,10,0,18,14
1971,2,11,0,24,14
1971,2,12,1,30,10
1971,2,13,0,20,10.5
1971,2,14,0,20.5,9
1971,2,15,0,27,7.5
1971,2,16,0,27.5,8.5
1971,2,17,4.5,25,12
1971,2,18,0,25,14
1971,2,19,0,28,14.5
1971,2,20,0,32,12
1971,2,21,0,32,13
1971,2,22,0,32,10.5
1971,2,23,1.5,26.5,12
1971,2,24,0,30,13
1971,2,25,0,30.5,14
1971,2,26,5,33,15
1971,2,27,0,32,14
1971,2,28,0,31,15
1971,3,1,0,31.5,14
1971,3,2,0,31.5,12.5
1971,3,3,0,29,13.5
1971,3,4,0,21,13.5
1971,3,5,0,26.5,14
1971,3,6,0,31.5,12
1971,3,7,6,29.5,14
1971,3,8,3,25,17
1971,3,9,0,26,14
1971,3,10,0,28.5,17
1971,3,11,0,30.5,13
1971,3,12,0,31,12
1971,3,13,0,33,13
1971,3,14,0,33.5,14
1971,3,15,3,33,14.5
1971,3,16,2.5,30.5,17
1971,3,17,7.5,28.5,17
1971,3,18,0,27,15.5
1971,3,19,1,30,11
1971,3,20,0,27,13
1971,3,21,0,28.5,13.5
1971,3,22,0,32,11
1971,3,23,0,30.5,12
1971,3,24,0,31.5,11
1971,3,25,0,32.5,10.5
1971,3,26,0,34.5,13.5
1971,3,27,0,32.5,12
1971,3,28,0,32,12
1971,3,29,1,35.5,12
1971,3,30,0.5,30.5,16
1971,3,31,0,25,18
1971,4,1,0,32,14
1971,4,2,0,33,12
1971,4,3,0,29,14
1971,4,4,0,31,12
1971,4,5,8,32,15
1971,4,6,2,22,17
1971,4,7,1,17,15
1971,4,8,0,23,12
1971,4,9,0,26,7.5
1971,4,10,0,25.5,10
1971,4,11,0.5,25,14
1971,4,12,2,25,14
1971,4,13,0,27,15
1971,4,14,1.5,28,13
1971,4,15,0,27,17
1971,4,16,0,34,13
1971,4,17,0,35,11
1971,4,18,0,35,13
1971,4,19,0,35,13
1971,4,20,0,33.5,16
1971,4,21,0,34,18
1971,4,22,0,35.5,16
1971,4,23,0,37,11
1971,4,24,0,34,13.5
1971,4,25,0,35,14
1971,4,26,0,35,14.5
1971,4,27,0,36.5,15
1971,4,28,0,38,17
1971,4,29,0,39,18
1971,4,30,0,38,15
1971,5,1,0,35,18
1971,5,2,0,32,18
1971,5,3,0,32,16
1971,5,4,0,33,16
1971,5,5,0,33,14
1971,5,6,0,32.5,15
1971,5,7,0,34,16
1971,5,8,0,35,19
1971,5,9,0,33.5,17
1971,5,10,0,30.5,17.5
1971,5,11,1,32.5,18.5
1971,5,12,11,32,17.5
1971,5,13,0,30,16
1971,5,14,14,34,16
1971,5,15,7.5,31,19
1971,5,16,0,30,19
1971,5,17,0,31,18
1971,5,18,0,33,16
1971,5,19,16,34.5,17
1971,5,20,13,33,19
1971,5,21,0,33,20
1971,5,22,0,33,16
1971,5,23,0,34,16.5
1971,5,24,0,35,14
1971,5,25,0,34,18
1971,5,26,0,33,17
1971,5,27,0,32.5,17
1971,5,28,0,33.5,17
1971,5,29,0,34.5,15
1971,5,30,0,34.5,17
1971,5,31,0,35,17
1971,6,1,0,33,19.5
1971,6,2,0,34,18
1971,6,3,0,33,16.5
1971,6,4,0,32,17
1971,6,5,26,31,15
1971,6,6,22,30.5,19
1971,6,7,21,28,20
1971,6,8,0,30.5,20
1971,6,9,14.5,28.5,18
1971,6,10,7.5,27,19
1971,6,11,1.5,30,19.5
1971,6,12,0.5,29.5,19
1971,6,13,0,28,19.5
1971,6,14,24.5,29,18.5
1971,6,15,1.5,25,19.5
1971,6,16,31,30,19
1971,6,17,6.5,28,19.5
1971,6,18,15.5,28,19
1971,6,19,0,28,17.5
1971,6,20,0.5,29,16.5
1971,6,21,0,29.5,17
1971,6,22,0,30,14
1971,6,23,0,30,15
1971,6,24,50.5,31,15
1971,6,25,9.5,29,18.5
1971,6,26,0,30,17.5
1971,6,27,0,31,14
1971,6,28,4,31,18
1971,6,29,2,30,18
1971,6,30,2,28.5,17
1971,7,1,0,28.5,17.5
1971,7,2,0,28.5,17.5
1971,7,3,2,29,18
1971,7,4,0,29,17.5
1971,7,5,2.5,29,14
1971,7,6,1.5,30,17
1971,7,7,0,30,17
1971,7,8,45,30,15
1971,7,9,13,28,18
1971,7,10,6,28.5,19
1971,7,11,0,28.5,19.6
1971,7,12,37,27.5,19.2
1971,7,13,7,27.5,19.3
1971,7,14,3,26,18
1971,7,15,2,29.5,15
1971,7,16,15,27,17.5
1971,7,17,33,27,19
1971,7,18,2,27.5,18.4
1971,7,19,6,29,17.8
1971,7,20,9,29,18.5
1971,7,21,1.5,26,17
1971,7,22,2.5,28.5,19
1971,7,23,0,29.5,19
1971,7,24,2.5,31,16
1971,7,25,6.5,28,19
1971,7,26,15.5,29,19.5
1971,7,27,4.5,26,18
1971,7,28,12.5,29,18
1971,7,29,0.5,29,19
1971,7,30,8.5,28,18
1971,7,31,2.5,27,18
1971,8,1,23.5,28,18
1971,8,2,21.5,27,19
1971,8,3,2.5,30,19
1971,8,4,40,26.5,19.5
1971,8,5,11,28.5,19
1971,8,6,2.5,26.5,19
1971,8,7,13.5,27,18.5
1971,8,8,1,29,17
1971,8,9,1.5,30,19
1971,8,10,0,30,16
1971,8,11,0,29,15
1971,8,12,0,30,16
1971,8,13,0,31,16.8
1971,8,14,3,31.5,16.6
1971,8,15,0,31,16.8
1971,8,16,15.5,31,15
1971,8,17,3.5,30,17
1971,8,18,1,29.5,19
1971,8,19,13,29,18.5
1971,8,20,3,29,19.5
1971,8,21,11,30,19.5
1971,8,22,1.5,30,18.5
1971,8,23,1,31,18
1971,8,24,11,31,19
1971,8,25,35.5,27.5,18
1971,8,26,3,27.5,19
1971,8,27,18.5,29,18.5
1971,8,28,17.5,28.5,19.5
1971,8,29,23.5,29,20
1971,8,30,25.5,28,20
1971,8,31,7.5,29,19.5
1971,9,1,8.5,30.5,19
1971,9,2,16,29.5,19.5
1971,9,3,24,29,18
1971,9,4,35,28.5,19
1971,9,5,0,29,19
1971,9,6,7.5,30.5,17.5
1971,9,7,62,30,19
1971,9,8,68,30,19.5
1971,9,9,20,29.5,19.5
1971,9,10,0,28.5,20
1971,9,11,3.5,30,20
1971,9,12,3,29,20
1971,9,13,0,33,18.5
1971,9,14,9,32,18.5
1971,9,15,0,31.5,18
1971,9,16,0,31.5,18
1971,9,17,12,31,18
1971,9,18,7,29.5,19.5
1971,9,19,1.5,30,19
1971,9,20,3.5,28,20
1971,9,21,14,26,19
1971,9,22,9,24,19
1971,9,23,1,28.5,20
1971,9,24,0,29,18
1971,9,25,10.5,29,20
1971,9,26,31,29,18
1971,9,27,6.5,28.5,18
1971,9,28,5,29,20
1971,9,29,3.5,28.5,19
1971,9,30,6.5,28.5,18
1971,10,1,3.5,28.5,18.5
1971,10,2,3,28,19.5
1971,10,3,1.5,28.5,20
1971,10,4,1.5,29,19
1971,10,5,4.5,29,20
1971,10,6,9.5,28,20
1971,10,7,16,31,19
1971,10,8,3.5,30,20
1971,10,9,4.5,28.5,20
1971,10,10,34,28,20
1971,10,11,0,24,19.5
1971,10,12,0,25,18
1971,10,13,2.5,30,18
1971,10,14,5,29,20
1971,10,15,1,29,20
1971,10,16,0.5,29,18.5
1971,10,17,0,30,18.5
1971,10,18,15,30.5,16
1971,10,19,13,30.5,18.5
1971,10,20,13.5,26,18.5
1971,10,21,0,30,18.5
1971,10,22,0,29,16
1971,10,23,0,27,17
1971,10,24,0.5,28,17
1971,10,25,0,27,16
1971,10,26,0,27.5,15
1971,10,27,0,28.5,15.5
1971,10,28,4,29,18
1971,10,29,0,29,18
1971,10,30,0,28.5,18
1971,10,31,0,28,17.5
1971,11,1,0,28,17
1971,11,2,0,28.5,17
1971,11,3,1.5,25.5,15
1971,11,4,14,26.5,16.5
1971,11,5,12.5,26,19
1971,11,6,6.5,26.5,19
1971,11,7,1,25,18
1971,11,8,1.5,27,18.5
1971,11,9,54.5,26,18.5
1971,11,10,5,24,18
1971,11,11,5.5,27,16
1971,11,12,0,25,16
1971,11,13,0,23,13
1971,11,14,0,25,14
1971,11,15,0,27,15
1971,11,16,0,28,16
1971,11,17,0,29,16
1971,11,18,0,30,18
1971,11,19,3.5,27.5,15
1971,11,20,7,25.5,18
1971,11,21,4,22,16.5
1971,11,22,0,23,17
1971,11,23,0,25,17
1971,11,24,12.5,27,18
1971,11,25,5,26,18
1971,11,26,0,27,18
1971,11,27,0,25,15.5
1971,11,28,0,27,16
1971,11,29,0,30.5,17
1971,11,30,0,28.5,16
1971,12,1,1.5,28,17
1971,12,2,0,25,17
1971,12,3,0.5,29,17
1971,12,4,0,27,15
1971,12,5,0,28,15.5
1971,12,6,1.5,29,15
1971,12,7,2.5,28.5,17
1971,12,8,0,27,16.5
1971,12,9,0,28,17.5
1971,12,10,0,27.5,15.5
1971,12,11,1,22,15
1971,12,12,1.5,26,16
1971,12,13,1,24,17.5
1971,12,14,0,26,16.5
1971,12,15,0,27.5,13
1971,12,16,8,27.5,13
1971,12,17,0.5,20,14
1971,12,18,4.5,26,16
1971,12,19,5,23.5,16
1971,12,20,1,27,15.5
1971,12,21,12,26,14
1971,12,22,17,21,16
1971,12,23,1.5,22.5,14.5
1971,12,24,6,21,11
1971,12,25,0.5,23.5,14.5
1971,12,26,0,23.5,16
1971,12,27,0,26,15
1971,12,28,3,26,16
1971,12,29,3,23.5,17.5
1971,12,30,0,25,17
1971,12,31,0,25,14.5
1972,1,1,0,26,15
1972,1,2,0,27.5,13
1972,1,3,0,27,14
1972,1,4,0,28,14.5
1972,1,5,9.5,29,16.5
1972,1,6,4,26,17.5
1972,1,7,4.5,26,16.5
1972,1,8,0,26,16
1972,1,9,0,26.5,16
1972,1,10,0,25,12.5
1972,1,11,0,30,14
1972,1,12,0,28,15
1972,1,13,0,27,12.5
1972,1,14,4.5,29.5,13.5
1972,1,15,6,28,14
1972,1,16,15.5,20,16.5
1972,1,17,2.5,17,15
1972,1,18,0,25,15
1972,1,19,2.5,25,14
1972,1,20,0,27,16
1972,1,21,3.5,26,15
1972,1,22,0,29,17
1972,1,23,0,29,16
1972,1,24,0,28,15
1972,1,25,5,28,14
1972,1,26,0.5,26.5,15
1972,1,27,1,26,15
1972,1,28,0,26,14.5
1972,1,29,0,25,12
1972,1,30,0,28,13
1972,1,31,0,29,14
1972,2,1,0,29,13
1972,2,2,0,30,15
1972,2,3,4.5,31.5,14
1972,2,4,8,20,15
1972,2,5,1,19,15
1972,2,6,0,26,15.5
1972,2,7,0,29,12
1972,2,8,0,26,13
1972,2,9,0,26.5,15
1972,2,10,0,26,16
1972,2,11,3,28,16
1972,2,12,0,27,15
1972,2,13,0,27,12
1972,2,14,0,27,14
1972,2,15,0,31,12
1972,2,16,0,31.5,11
1972,2,17,0,27,12
1972,2,18,0.5,23,15
1972,2,19,0,24,10
1972,2,20,0,23,5
1972,2,21,0,21,7
1972,2,22,0,24,12
1972,2,23,0,25,11
1972,2,24,0,28,11
1972,2,25,0,30,11
1972,2,26,0,31,12
1972,2,27,2,32,11
1972,2,28,0.5,28,13
1972,2,29,0,28.5,15.5
1972,3,1,0,31.5,13
1972,3,2,2,33.5,13.5
1972,3,3,0,31,15
1972,3,4,0,31,15
1972,3,5,0,32.5,11
1972,3,6,0,30,12.5
1972,3,7,0,29,12.5
1972,3,8,0,30.5,12.5
1972,3,9,2,29,13
1972,3,10,7.5,26.5,16
1972,3,11,3,25,15
1972,3,12,0,26,15.5
1972,3,13,0,27.5,13
1972,3,14,0,30,13
1972,3,15,0,31,11
1972,3,16,0,34,13
1972,3,17,0,31.5,13
1972,3,18,0,31.5,13
1972,3,19,0,30.5,14.5
1972,3,20,0,30.5,15.5
1972,3,21,0,32.5,13.5
1972,3,22,0,30.5,13
1972,3,23,0,31,14
1972,3,24,0,32,13.5
1972,3,25,0,33,14
1972,3,26,0,33,13.5
1972,3,27,0,34,12
1972,3,28,0,35.5,14
1972,3,29,0,36,15.5
1972,3,30,0,36.5,15.5
1972,3,31,0,35.5,14.5
1972,4,1,38.5,30,17
1972,4,2,5.5,25.5,19
1972,4,3,0,28,19
1972,4,4,0.5,29.5,14
1972,4,5,0,31,16
1972,4,6,0,31,14
1972,4,7,0,32,11
1972,4,8,0,34,12
1972,4,9,0,34,16
1972,4,10,0,33,19
1972,4,11,0,32,14.5
1972,4,12,0,32,12.5
1972,4,13,0,33.5,11.5
1972,4,14,0,34,15
1972,4,15,0,35,16
1972,4,16,24.5,34,18
1972,4,17,9.5,31,18.5
1972,4,18,0,31.5,18
1972,4,19,0,31.5,14
1972,4,20,0,31,13.5
1972,4,21,1.5,35.5,16
1972,4,22,0,33,17
1972,4,23,0,34,18.5
1972,4,24,0,34,14
1972,4,25,0,34.5,15.5
1972,4,26,0,33,16
1972,4,27,0,32,16
1972,4,28,12,32,16
1972,4,29,0.5,33,16.5
1972,4,30,1,32,18
1972,5,1,0,32,18.5
1972,5,2,0,33.5,15
1972,5,3,0,35,15
1972,5,4,0,30.5,19.5
1972,5,5,0,33,18
1972,5,6,0,34.5,16
1972,5,7,0,34.5,16
1972,5,8,0,36,16.5
1972,5,9,1,35,18
1972,5,10,0,34,18
1972,5,11,0,34,16
1972,5,12,0,33,19
1972,5,13,24,32.5,19
1972,5,14,0,31,19.5
1972,5,15,35,34.5,20
1972,5,16,3,32.5,19.5
1972,5,17,20,32,19.5
1972,5,18,0,32.5,19.5
1972,5,19,0,32.5,19
1972,5,20,0,30.5,16.5
1972,5,21,0,28,14.5
1972,5,22,0,29,14.5
1972,5,23,0,33,16
1972,5,24,0,34,15
1972,5,25,0,33.5,16
1972,5,26,0,34,15.5
1972,5,27,0,31.5,18
1972,5,28,0,31,17
1972,5,29,3.5,31,19
1972,5,30,0,30.5,19.5
1972,5,31,16,31,19
1972,6,1,0,27,20
1972,6,2,1.5,30,20
1972,6,3,2,29,20.5
1972,6,4,42.5,30,20
1972,6,5,6,30,20.3
1972,6,6,32,28,19.7
1972,6,7,11,29.5,19.8
1972,6,8,21,29.5,20.5
1972,6,9,1,30,19.5
1972,6,10,19,31,20
1972,6,11,0,30,20.5
1972,6,12,0,29,18
1972,6,13,0,29.5,17
1972,6,14,34.5,31,19
1972,6,15,26.5,31,20.5
1972,6,16,7,32,18
1972,6,17,4.5,30,19
1972,6,18,4.5,30,19
1972,6,19,48.5,29,18.5
1972,6,20,39,30,20
1972,6,21,0,31.5,20
1972,6,22,0,31,19
1972,6,23,1.5,31,19.5
1972,6,24,5,30,18.5
1972,6,25,4.5,29.5,18
1972,6,26,0,29.5,20
1972,6,27,2,30,19
1972,6,28,4,29,19.5
1972,6,29,1.5,28.5,20
1972,6,30,8.5,26,20
1972,7,1,3,27.5,20
1972,7,2,3.5,26.5,19.5
1972,7,3,5.5,27.5,20
1972,7,4,5,29,16
1972,7,5,0.5,30,17
1972,7,6,6.5,28,18
1972,7,7,41.5,28,18
1972,7,8,0.5,28,18
1972,7,9,4,29,17
1972,7,10,2,27,18
1972,7,11,20,27,17
1972,7,12,35.5,26,19
1972,7,13,1,29,20
1972,7,14,0,28.5,17
1972,7,15,0.5,29,17
1972,7,16,0,29,19.5
1972,7,17,8.5,28.5,17.5
1972,7,18,4.5,28.5,17.5
1972,7,19,9.5,30,17
1972,7,20,20,28.5,19
1972,7,21,1,28,19
1972,7,22,15,30,19.5
1972,7,23,44.5,27,20
1972,7,24,37.5,28.5,19.5
1972,7,25,53.5,28,20
1972,7,26,37,27,20.5
1972,7,27,59,26,20
1972,7,28,18.5,25,18
1972,7,29,10.5,26,19
1972,7,30,25.5,26,19
1972,7,31,14,26.5,19
1972,8,1,57.5,27.5,19.5
1972,8,2,6,27.5,20
1972,8,3,11,28.5,17.5
1972,8,4,1,29.5,18.5
1972,8,5,0,26.5,19
1972,8,6,7.5,26,17
1972,8,7,17.5,28,18
1972,8,8,2,29.5,17.5
1972,8,9,5.5,29,18
1972,8,10,4,28.5,19
1972,8,11,27.5,29,18.6
1972,8,12,18.5,26,19.4
1972,8,13,18,27,18.2
1972,8,14,15,28.5,18.5
1972,8,15,1,28,18
1972,8,16,2.5,28,18
1972,8,17,2.5,29,18
1972,8,18,5,29,19
1972,8,19,9,27,19
1972,8,20,6,26,19
1972,8,21,0,28,18
1972,8,22,2,29,18
1972,8,23,3,29.5,18.5
1972,8,24,35,27,19.5
1972,8,25,3,26.5,19
1972,8,26,18.5,29,18.7
1972,8,27,15,29,18.8
1972,8,28,16.5,28.5,19.2
1972,8,29,1,28.5,18.5
1972,8,30,5.5,29.5,20
1972,8,31,0.5,28,19.5
1972,9,1,0,30,19.5
1972,9,2,4.5,28.5,18
1972,9,3,6,28.5,18
1972,9,4,16.5,28.5,19
1972,9,5,13.5,30,18
1972,9,6,1.5,28,19
1972,9,7,5.5,31,20
1972,9,8,17,30,19.5
1972,9,9,4.5,29.5,18.5
1972,9,10,10,28.5,18.5
1972,9,11,3.5,28,18
1972,9,12,6.5,27,19
1972,9,13,25.5,27.5,19
1972,9,14,0,28.5,19
1972,9,15,0,29,18
1972,9,16,4.5,29.5,18
1972,9,17,0,28,18
1972,9,18,18.5,28,18.5
1972,9,19,0,28,18.5
1972,9,20,1.5,29,19.5
1972,9,21,0,29.5,20
1972,9,22,0,30,18
1972,9,23,0.5,29.5,19
1972,9,24,7.5,29,18.5
1972,9,25,0.5,27.5,19
1972,9,26,15,27,19
1972,9,27,7,29,19
1972,9,28,6,27.5,19.5
1972,9,29,0,29,19.5
1972,9,30,19.5,29,18.5
1972,10,1,0,29.5,19.5
1972,10,2,17.5,29,16
1972,10,3,1,27.5,17
1972,10,4,7.5,27.5,19
1972,10,5,0,27,19
1972,10,6,8.5,30,19
1972,10,7,18,30,20.5
1972,10,8,0,26.5,20
1972,10,9,0,28,18
1972,10,10,6.5,28.5,17.5
1972,10,11,1.5,27.5,17
1972,10,12,6,27.5,15.5
1972,10,13,0,27,16.5
1972,10,14,49.5,29,17
1972,10,15,4.5,27,18.5
1972,10,16,12,27.5,20
1972,10,17,6.5,28,20
1972,10,18,34.5,29.5,20
1972,10,19,14,28.5,19.5
1972,10,20,27,27,19.5
1972,10,21,0.5,28,19
1972,10,22,0,28.5,18
1972,10,23,0,29.5,16.5
1972,10,24,2.5,29,17
1972,10,25,0,29,17.5
1972,10,26,0,27.5,14.5
1972,10,27,0,31.5,17
1972,10,28,0,31,16.5
1972,10,29,7,29.5,16
1972,10,30,0,29,18.5
1972,10,31,1.5,28,17
1972,11,1,4.5,28,17.5
1972,11,2,2.5,27.5,18
1972,11,3,6,28,18.5
1972,11,4,3.5,28.5,18.5
1972,11,5,3,28,18.5
1972,11,6,0,29,18
1972,11,7,9.5,30,16
1972,11,8,3.5,28,18
1972,11,9,0,28,16.5
1972,11,10,4,27,16
1972,11,11,0,26,18
1972,11,12,0,27.5,16
1972,11,13,0,28.5,17.5
1972,11,14,15.5,30,19.5
1972,11,15,0.5,29,20.5
1972,11,16,1,27,19
1972,11,17,3,26,20
1972,11,18,0,27.5,16.5
1972,11,19,0,31,17
1972,11,20,3,28.5,17.5
1972,11,21,1.5,27.5,18
1972,11,22,10,28,17.5
1972,11,23,2.5,25,18.5
1972,11,24,0,25,19
1972,11,25,0.5,29,17
1972,11,26,1.5,27.5,19
1972,11,27,0,28.5,17.5
1972,11,28,0,30,14
1972,11,29,8,29.5,15
1972,11,30,2,29,18.5
1972,12,1,25.5,25,19
1972,12,2,3,26,17
1972,12,3,0,27,18
1972,12,4,0,27,17
1972,12,5,0,27,15
1972,12,6,3,28.5,13
1972,12,7,8.5,27.5,14
1972,12,8,0.5,26.5,17.5
1972,12,9,2,26.5,12
1972,12,10,10.5,24,18
1972,12,11,4.5,25,18
1972,12,12,0,27,16
1972,12,13,0,26,16
1972,12,14,0,28.5,17
1972,12,15,0.5,28,18
1972,12,16,6.5,22,17
1972,12,17,2,17,14
1972,12,18,1,23,13
1972,12,19,0,24,14
1972,12,20,0,25.5,14
1972,12,21,0,28,15
1972,12,22,0,20.5,14.5
1972,12,23,0,25,11.5
1972,12,24,0,25,5.5
1972,12,25,0,23,7
1972,12,26,0,20,9
1972,12,27,0,25.5,9.5
1972,12,28,0,23,10
1972,12,29,0,26,8.5
1972,12,30,0,27,9
1972,12,31,0,28.5,10.5
1973,1,1,1.5,27,12
1973,1,2,0,24.5,15
1973,1,3,0,28.5,13
1973,1,4,2,25,14
1973,1,5,1.5,26,17
1973,1,6,0,26.5,16.5
1973,1,7,0,28.5,14
1973,1,8,0,29.5,12
1973,1,9,0,24.5,13
1973,1,10,0,26,16
1973,1,11,12.5,27,17.5
1973,1,12,0,18,16
1973,1,13,0,18,12
1973,1,14,0.5,20,12
1973,1,15,1.5,17,12
1973,1,16,0,21,13.5
1973,1,17,0,26,10
1973,1,18,0,29,10
1973,1,19,0,27.5,10.5
1973,1,20,0,27,10
1973,1,21,0,29,11.5
1973,1,22,0,29.5,11
1973,1,23,0.5,30,12
1973,1,24,0.5,29,15
1973,1,25,0,27,16.5
1973,1,26,0,28,15
1973,1,27,0,28.6,14
1973,1,28,2.5,29,13.5
1973,1,29,0,17,14
1973,1,30,0,21,12
1973,1,31,0,25,11
1973,2,1,0,33,12.5
1973,2,2,0.5,30.5,13.5
1973,2,3,0.5,21,14
1973,2,4,0,24,15
1973,2,5,0,27,14
1973,2,6,0,27,10
1973,2,7,0,26,11
1973,2,8,0,29,8
1973,2,9,0,31,9
1973,2,10,0.5,19,11.5
1973,2,11,0,21,13
1973,2,12,0,26,13
1973,2,13,0,29.5,7.5
1973,2,14,0,32,8.5
1973,2,15,0,28,13
1973,2,16,1.5,28,16
1973,2,17,0,27,15
1973,2,18,0,30,11
1973,2,19,1,28,12.5
1973,2,20,0.5,28,15.5
1973,2,21,3.5,30,15.5
1973,2,22,0,26,17
1973,2,23,0.5,31,15
1973,2,24,0,30,17
1973,2,25,0,29,16.5
1973,2,26,0,30,13.5
1973,2,27,0,26,14
1973,2,28,4.5,26.5,16
1973,3,1,0,27,17
1973,3,2,0,30,18
1973,3,3,0,30,15.5
1973,3,4,0,32,12.5
1973,3,5,0,31.5,10
1973,3,6,0,32,12
1973,3,7,0,34,14
1973,3,8,0,33,13.5
1973,3,9,0,34.5,14.5
1973,3,10,0,34.5,16
1973,3,11,0,36,15.5
1973,3,12,0,33,16
1973,3,13,0,32,14.5
1973,3,14,0,33,16
1973,3,15,0,33.5,16
1973,3,16,5,37.5,15
1973,3,17,0,21,18
1973,3,18,0,25,16
1973,3,19,0,34.5,10.5
1973,3,20,0,31,13
1973,3,21,0,35,15
1973,3,22,0,34,17
1973,3,23,0.5,35,15
1973,3,24,0,38.5,18
1973,3,25,0,38,13
1973,3,26,0,32,15
1973,3,27,0,32,18
1973,3,28,0,39,16.5
1973,3,29,0,37,16
1973,3,30,0,37,16
1973,3,31,0,38,15
1973,4,1,0,37,17
1973,4,2,0,36,18
1973,4,3,0,39,16
1973,4,4,0,29,16
1973,4,5,0,25,19
1973,4,6,0.5,31,19
1973,4,7,0,37,18
1973,4,8,0,32,18
1973,4,9,8.5,33,18
1973,4,10,3.5,22,19
1973,4,11,0,29,17.5
1973,4,12,0,29,18
1973,4,13,1,30,19
1973,4,14,0,30,15
1973,4,15,0,30,17
1973,4,16,0,37,15
1973,4,17,0,34,16
1973,4,18,0,35,16
1973,4,19,0,36,17
1973,4,20,0,37.5,17
1973,4,21,0,34,19
1973,4,22,0,31,18
1973,4,23,0,33,16.5
1973,4,24,0,37,17
1973,4,25,0,39.5,16
1973,4,26,0,39,16
1973,4,27,0,29,20
1973,4,28,0,26.5,22
1973,4,29,0,30,18
1973,4,30,0,33,18
1973,5,1,0,35,16.5
1973,5,2,7,34.5,20
1973,5,3,1.5,33,20
1973,5,4,1,28.5,20.5
1973,5,5,0,33,18
1973,5,6,0,35,16
1973,5,7,0,36.5,16
1973,5,8,0,32,21
1973,5,9,0,35,21
1973,5,10,0,34.5,20
1973,5,11,0,35,19
1973,5,12,0,34,19.5
1973,5,13,0,33,20
1973,5,14,0,30,18
1973,5,15,1,29,16
1973,5,16,0.5,27.5,19
1973,5,17,1,30,19
1973,5,18,3,30,20
1973,5,19,1,32,18.5
1973,5,20,19.5,34.5,19
1973,5,21,0.5,33,19.5
1973,5,22,3,34.5,20
1973,5,23,1.5,34,19
1973,5,24,0,36,21
1973,5,25,0,36,19
1973,5,26,0,36.5,19
1973,5,27,0,40,20
1973,5,28,10,38,20
1973,5,29,64,32,18
1973,5,30,15,26,18.5
1973,5,31,1,27,20
1973,6,1,5,26,18
1973,6,2,3,28,18
1973,6,3,3.5,29.5,19
1973,6,4,20,32,20.5
1973,6,5,5.5,31,20
1973,6,6,4.5,29.5,20
1973,6,7,0,30,19.5
1973,6,8,10,30,17
1973,6,9,3.5,28.5,20
1973,6,10,1,28.5,20.5
1973,6,11,3.5,31,20
1973,6,12,25.5,29,20.5
1973,6,13,0,30,20
1973,6,14,0,32,19.5
1973,6,15,16,30.5,18.5
1973,6,16,0,28,20
1973,6,17,27,32,18
1973,6,18,35.5,29,20
1973,6,19,8.5,28.5,20.5
1973,6,20,37,27.5,20
1973,6,21,10,28.5,19
1973,6,22,1.5,28.5,19.5
1973,6,23,0,30,20
1973,6,24,0,31,16
1973,6,25,0,32,17
1973,6,26,0,32,16
1973,6,27,31,30,18
1973,6,28,0,31,19
1973,6,29,0,31,18
1973,6,30,2,28.5,20
1973,7,1,21,30,20
1973,7,2,3.5,29.5,18
1973,7,3,0,30,20
1973,7,4,2.5,30,19
1973,7,5,1.5,30,19.5
1973,7,6,1.5,29,19
1973,7,7,0,29,20
1973,7,8,8.5,29.5,19
1973,7,9,6,27,20
1973,7,10,0,29,17.5
1973,7,11,0.5,30,16
1973,7,12,14.5,31,18
1973,7,13,0,29.5,20
1973,7,14,0,30,18
1973,7,15,0,29.5,17
1973,7,16,35,31.5,17
1973,7,17,4,29,20
1973,7,18,12,28.5,19
1973,7,19,4,29,19
1973,7,20,8,29,20
1973,7,21,0,27,19
1973,7,22,5.5,30,18.5
1973,7,23,5.5,29,20
1973,7,24,48.5,29,20
1973,7,25,31.5,26,20
1973,7,26,4,30,19
1973,7,27,0,30,20
1973,7,28,1,29.5,18
1973,7,29,0,30,20
1973,7,30,6,32,17
1973,7,31,21.5,30.5,19
1973,8,1,5,30.5,21
1973,8,2,12,29.5,17
1973,8,3,2.5,30,18
1973,8,4,5.5,28,18.5
1973,8,5,4.5,29.5,19
1973,8,6,1.5,29,18.5
1973,8,7,4.5,29,19
1973,8,8,14.5,30,18.5
1973,8,9,25,29,19.5
1973,8,10,46.5,28.5,20
1973,8,11,2,29.5,19
1973,8,12,12,28,18
1973,8,13,0,29,19.5
1973,8,14,7,29.5,19.5
1973,8,15,0.5,28.5,19
1973,8,16,0.5,29.5,18
1973,8,17,0,30,18
1973,8,18,0,31,16
1973,8,19,0,31.5,18
1973,8,20,8.5,29,17.5
1973,8,21,26,23,20
1973,8,22,10,24,20
1973,8,23,49,28,19.5
1973,8,24,60,30,20
1973,8,25,40.5,28.5,19.3
1973,8,26,16.5,29,18.7
1973,8,27,15,30,19.9
1973,8,28,36.5,29.5,19
1973,8,29,43.5,30,20
1973,8,30,36.5,29,18.9
1973,8,31,2.5,26,16.8
1973,9,1,0,29,19.2
1973,9,2,1,29,19
1973,9,3,7.5,31,19.5
1973,9,4,17,30,20.5
1973,9,5,1,30,20
1973,9,6,1,28,20.5
1973,9,7,8.5,29,20
1973,9,8,8.5,31.5,20
1973,9,9,0.5,31,20
1973,9,10,0,30,18
1973,9,11,1,31,19
1973,9,12,0,31.5,17
1973,9,13,5.5,32,17
1973,9,14,4,31,20
1973,9,15,12,30,18
1973,9,16,4.5,29.5,19
1973,9,17,0,30.5,20
1973,9,18,13.5,30,18
1973,9,19,0,28.5,19
1973,9,20,5,30,20
1973,9,21,1.5,30.5,20
1973,9,22,7.5,31,19
1973,9,23,1.5,30,19
1973,9,24,0,31,18.5
1973,9,25,1.5,32,18.5
1973,9,26,0,31,19
1973,9,27,4,31,19
1973,9,28,0,30,19
1973,9,29,4.5,31.5,19.5
1973,9,30,4,29.5,19
1973,10,1,10.5,29,20
1973,10,2,0,30,19.6
1973,10,3,19,29,18.1
1973,10,4,0,27,19.4
1973,10,5,19.5,29,18
1973,10,6,32,25.5,19
1973,10,7,63,27,20
1973,10,8,27,27.5,20
1973,10,9,8,29.5,20
1973,10,10,27.5,28.5,19
1973,10,11,0,30,19.5
1973,10,12,0.5,28.5,20
1973,10,13,3.5,29,19
1973,10,14,26.5,30,17
1973,10,15,5,27,18
1973,10,16,45.5,29,18.5
1973,10,17,11,28,19
1973,10,18,1.5,29,18.6
1973,10,19,17.5,29,18.5
1973,10,20,5.5,30,17.7
1973,10,21,1,26,20
1973,10,22,4,29,19
1973,10,23,0,28.5,19.5
1973,10,24,6,29,19.5
1973,10,25,11,25,20
1973,10,26,2,25,20
1973,10,27,0.5,27,18.5
1973,10,28,2.5,27,19.5
1973,10,29,0.5,28,19
1973,10,30,0,28,18
1973,10,31,0,30,15
1973,11,1,2,28,17
1973,11,2,3.5,28.5,20
1973,11,3,0,27,18
1973,11,4,0,26,17
1973,11,5,3,28,16
1973,11,6,10.5,29,18
1973,11,7,5,25,18
1973,11,8,6.5,27.5,18
1973,11,9,10.5,27,18.5
1973,11,10,1.5,24.5,19
1973,11,11,0.5,25,14
1973,11,12,1.5,24,15
1973,11,13,0,26,17.5
1973,11,14,0,27,16
1973,11,15,32,28.5,17
1973,11,16,9.5,27,17.5
1973,11,17,0,28,19
1973,11,18,0,28,18
1973,11,19,0,27,20
1973,11,20,0,29,13.5
1973,11,21,1.5,30,15
1973,11,22,19,26,17.5
1973,11,23,5,26,19
1973,11,24,0,27,18
1973,11,25,0,29,16
1973,11,26,0,29,17
1973,11,27,0,30,16.9
1973,11,28,25,29.5,17.2
1973,11,29,9.5,20,18
1973,11,30,3.5,18,15.5
1973,12,1,0,21,15
1973,12,2,0,24.5,14
1973,12,3,0,27,15
1973,12,4,0,28.5,12
1973,12,5,2.5,29,13
1973,12,6,14,28,17
1973,12,7,14,27,17.5
1973,12,8,1.5,21,16
1973,12,9,0,22,12
1973,12,10,0,22,11
1973,12,11,0,21,8.5
1973,12,12,0,23,8.5
1973,12,13,0,24,11
1973,12,14,0,25,12
1973,12,15,0,28.5,10
1973,12,16,0,25,8.5
1973,12,17,0,18,10
1973,12,18,0,21,12
1973,12,19,0,26.5,11
1973,12,20,3.5,24,9
1973,12,21,0.5,18,10
1973,12,22,0,17.5,12.5
1973,12,23,0,24,12.5
1973,12,24,0,27.5,13
1973,12,25,0,29,9
1973,12,26,0,27.5,10
1973,12,27,0,26.5,11.5
1973,12,28,0,26,14.5
1973,12,29,0,26,13
1973,12,30,0,27,13
1973,12,31,0,29,12.5
1974,1,1,6.5,29,13.5
1974,1,2,1,26,14
1974,1,3,0,26,17
1974,1,4,6.5,24.5,16
1974,1,5,8,23,17
1974,1,6,0,25,18
1974,1,7,0.5,26.5,16
1974,1,8,0,25,14.5
1974,1,9,0,25,15
1974,1,10,0,26.5,15.5
1974,1,11,1,26.5,14.5
1974,1,12,33,23,16
1974,1,13,18,22,16
1974,1,14,2.5,24,16.5
1974,1,15,5,23,15
1974,1,16,0,23,15.5
1974,1,17,0,25,14
1974,1,18,0,25,15
1974,1,19,0,26,15
1974,1,20,0,28.5,15.5
1974,1,21,3.5,28,14
1974,1,22,1,24,14.5
1974,1,23,2,26.5,13
1974,1,24,0,26.5,14
1974,1,25,3,23,14
1974,1,26,0,26,14
1974,1,27,0,26,14.5
1974,1,28,0,29.5,16
1974,1,29,0,28,16
1974,1,30,0.5,28,15
1974,1,31,0,26,15
1974,2,1,0,26,15
1974,2,2,0,28.5,13
1974,2,3,0,30,13.5
1974,2,4,0,27,14.5
1974,2,5,0,25,14
1974,2,6,0,27,12
1974,2,7,0,29,12
1974,2,8,0,28,12
1974,2,9,6.5,20,13
1974,2,10,0,17,13
1974,2,11,0,22,12
1974,2,12,0,22,13.5
1974,2,13,0,25,10
1974,2,14,0,26.5,10.5
1974,2,15,0,29,11
1974,2,16,0,30,11
1974,2,17,0,26,12
1974,2,18,0,28.5,12.5
1974,2,19,0,31.5,11.5
1974,2,20,0,30,12.5
1974,2,21,0,32,14
1974,2,22,5,29,15.5
1974,2,23,0.5,26,16
1974,2,24,23,24,15
1974,2,25,17.5,21,15
1974,2,26,0,16,13
1974,2,27,0,19,13
1974,2,28,0,23,13.5
1974,3,1,0,25,10
1974,3,2,0,25,11
1974,3,3,0,26.5,12
1974,3,4,0,27,12.5
1974,3,5,0,27.5,15
1974,3,6,5,25.5,16.5
1974,3,7,0.5,27.5,18
1974,3,8,0,27.5,17.5
1974,3,9,0,27.5,16.5
1974,3,10,3,28,15.5
1974,3,11,2,27,17
1974,3,12,0,27.5,17
1974,3,13,0,28,14.5
1974,3,14,1,28,15
1974,3,15,0,29,16
1974,3,16,0,25.5,15
1974,3,17,1,25,15.5
1974,3,18,0,26,16
1974,3,19,0,28,13.5
1974,3,20,0,33,15.5
1974,3,21,0,34,15
1974,3,22,0,32,17.5
1974,3,23,0,34.5,14
1974,3,24,0,34.5,16
1974,3,25,0,33,17.5
1974,3,26,0,31.5,14.5
1974,3,27,11.5,31.5,15
1974,3,28,0,32,16
1974,3,29,0,33,12
1974,3,30,0,32.5,13.5
1974,3,31,0,32,11
1974,4,1,0,34.5,12.5
1974,4,2,0,33.5,14
1974,4,3,0,34,13.5
1974,4,4,0,35,14
1974,4,5,19,30.5,16.5
1974,4,6,0,25,17
1974,4,7,0,27,15.5
1974,4,8,0,31.5,15.5
1974,4,9,3.5,29.5,14.5
1974,4,10,0,27.5,17.5
1974,4,11,0,29.5,12.5
1974,4,12,0,30.5,15.5
1974,4,13,0,33,17.5
1974,4,14,1,31,17
1974,4,15,0,30,17
1974,4,16,0.5,26.5,17.5
1974,4,17,0,29.5,18.5
1974,4,18,0,28.5,16.5
1974,4,19,0,31,12
1974,4,20,0,31,13.5
1974,4,21,0,29.5,13
1974,4,22,0,31.5,14
1974,4,23,0,33,14
1974,4,24,0,31.5,17
1974,4,25,14.5,29.5,16
1974,4,26,19.5,22,19
1974,4,27,2.5,26.5,18
1974,4,28,2,27,16.5
1974,4,29,0,27.5,16
1974,4,30,0,29,15
1974,5,1,0,30,14.5
1974,5,2,0,30,17
1974,5,3,0,31,16.5
1974,5,4,0,32,17
1974,5,5,0,33,15
1974,5,6,4,33,16.5
1974,5,7,0,32,15.5
1974,5,8,0,34,16.5
1974,5,9,0,34.5,18
1974,5,10,0,36,18
1974,5,11,0,38,17
1974,5,12,0.5,39,16.5
1974,5,13,0,33,18
1974,5,14,0,35,17
1974,5,15,2,36.5,15
1974,5,16,0,35,16
1974,5,17,53.5,33,18
1974,5,18,0,30.5,16.5
1974,5,19,0,30,15
1974,5,20,3,29.5,15
1974,5,21,18.5,31.5,17.5
1974,5,22,21,31,17.5
1974,5,23,1.5,28,18
1974,5,24,6,29,19.5
1974,5,25,2,28.5,20
1974,5,26,0,29,18
1974,5,27,0,30.5,19.5
1974,5,28,14,29.5,19
1974,5,29,0.5,29.5,19
1974,5,30,0,30,19
1974,5,31,0,31.5,19.5
1974,6,1,33,33,19
1974,6,2,0,30,19
1974,6,3,1,29.2,19
1974,6,4,9.5,31.7,18.5
1974,6,5,0,31.4,19
1974,6,6,0,32,19
1974,6,7,0,33,20
1974,6,8,0,33,19
1974,6,9,0,32,19
1974,6,10,1,32,19
1974,6,11,2,30,16
1974,6,12,8,26,18.5
1974,6,13,1,29,18
1974,6,14,32.5,29,20
1974,6,15,25,28.5,19
1974,6,16,1.5,26,19
1974,6,17,9.5,29,18
1974,6,18,4,28,20
1974,6,19,18,27,20
1974,6,20,8,28.6,19
1974,6,21,10,27.2,20
1974,6,22,3.5,27.4,20
1974,6,23,0,30,18
1974,6,24,12.5,31,18
1974,6,25,1,29,20
1974,6,26,5.5,23,20
1974,6,27,1.5,27,18
1974,6,28,0,29,19
1974,6,29,6,28.5,18.5
1974,6,30,39,28.5,20
1974,7,1,25,27,19
1974,7,2,39,29,20
1974,7,3,3.5,28,19
1974,7,4,0,29,20
1974,7,5,0,27,17
1974,7,6,6,27.5,16
1974,7,7,1.5,28,17
1974,7,8,4,26,19.5
1974,7,9,1,27,16
1974,7,10,2,28.5,18
1974,7,11,8,28.5,19.5
1974,7,12,25.5,27,19
1974,7,13,18,27,20
1974,7,14,1,23.5,19
1974,7,15,1.5,24,18
1974,7,16,0.5,29,16
1974,7,17,0,29,17
1974,7,18,4,28.5,17
1974,7,19,19.5,28,17
1974,7,20,6.5,27,18.5
1974,7,21,12,29.5,18
1974,7,22,8,30,19
1974,7,23,14.5,29,18.5
1974,7,24,0,28,19
1974,7,25,1.5,28,19
1974,7,26,2,29,18
1974,7,27,5,27,17
1974,7,28,0,29.5,17
1974,7,29,6,30.5,15
1974,7,30,18,30,17.5
1974,7,31,4,30,18
1974,8,1,2.5,28.5,19
1974,8,2,4.5,28,18.5
1974,8,3,0.5,28,18
1974,8,4,15.5,29,19
1974,8,5,2,28,19
1974,8,6,0.5,28.5,18.5
1974,8,7,0.5,29,17.5
1974,8,8,0.5,29,18.5
1974,8,9,0.5,28.5,20
1974,8,10,0,28,17
1974,8,11,19,27.5,15
1974,8,12,3.5,29,18
1974,8,13,0.2,29,19.5
1974,8,14,18.1,29,17.5
1974,8,15,9.4,27.5,19.5
1974,8,16,6.6,25,19.5
1974,8,17,5.6,27.5,19
1974,8,18,9.7,28,19
1974,8,19,1.8,28,16
1974,8,20,0,28,17
1974,8,21,0,29,15.5
1974,8,22,0,28.5,17
1974,8,23,1.8,28.5,17
1974,8,24,0.5,28.5,18
1974,8,25,16.9,29,17
1974,8,26,2.3,28.5,19
1974,8,27,11.8,27,18.8
1974,8,28,5.3,26,17.6
1974,8,29,0.8,28,17.6
1974,8,30,0.5,28,16.6
1974,8,31,0,28.5,19.5
1974,9,1,1,30,17
1974,9,2,0,31,15
1974,9,3,1.2,29,15.5
1974,9,4,14.2,30,16.5
1974,9,5,30.4,29,18.5
1974,9,6,8.2,28,19
1974,9,7,30.2,27,19
1974,9,8,10.5,27.5,19
1974,9,9,6.5,27.5,18
1974,9,10,13.5,27.5,19.5
1974,9,11,0,28.5,19.5
1974,9,12,0,30,18
1974,9,13,21.5,30.5,16
1974,9,14,1.5,28,19
1974,9,15,9.5,27.5,19.5
1974,9,16,1,29,19.5
1974,9,17,4.5,29,18
1974,9,18,10.5,27.5,19
1974,9,19,18.5,24,19
1974,9,20,0.5,24,20
1974,9,21,0.5,26.5,20
1974,9,22,8,30,19
1974,9,23,5,30.5,18.5
1974,9,24,2.5,29.5,17.5
1974,9,25,5.5,29,18
1974,9,26,18,30,19.5
1974,9,27,0,30,19
1974,9,28,0,30,16.5
1974,9,29,27,29.5,18.6
1974,9,30,1,28.5,17.5
1974,10,1,5,27,18.5
1974,10,2,21.5,27,19.5
1974,10,3,65,21.5,19.5
1974,10,4,13,23.5,17
1974,10,5,1,23,17
1974,10,6,1,22.5,15
1974,10,7,0,27,13
1974,10,8,7.5,28,12
1974,10,9,0,25.5,14
1974,10,10,0.2,25,17
1974,10,11,0,25,18.5
1974,10,12,10,22,14.5
1974,10,13,45,26,15.5
1974,10,14,3.5,28,17.5
1974,10,15,1,29,18
1974,10,16,9,29.5,18.5
1974,10,17,13,28,18
1974,10,18,0,23.5,18.5
1974,10,19,0,25,16
1974,10,20,0.5,23,17
1974,10,21,3,24.5,15.5
1974,10,22,20,21.5,17.5
1974,10,23,17.5,25,18.5
1974,10,24,38,21.5,19
1974,10,25,14,25,18.5
1974,10,26,0.1,25.5,17.5
1974,10,27,0,23.5,16
1974,10,28,0,27.5,16
1974,10,29,1.5,29,14.5
1974,10,30,22.5,27,16
1974,10,31,28.5,27.5,19
1974,11,1,2.5,27,18
1974,11,2,0,26.5,16
1974,11,3,0,26.5,17
1974,11,4,0,27.5,13
1974,11,5,0,28.5,14.5
1974,11,6,5,26.5,14
1974,11,7,6.5,27,17
1974,11,8,0,26,17
1974,11,9,0,28,16
1974,11,10,0,27,16.5
1974,11,11,5,27,16
1974,11,12,3.5,21,17
1974,11,13,0,20,15
1974,11,14,1,25,12
1974,11,15,6,24,15
1974,11,16,0,25,16
1974,11,17,0,27,16
1974,11,18,2.5,26,16
1974,11,19,0,26,17
1974,11,20,1.5,27,15
1974,11,21,4,27,16.6
1974,11,22,2,26,17.2
1974,11,23,6,24,16
1974,11,24,0,24,16
1974,11,25,10,21,17
1974,11,26,0,22,16
1974,11,27,0,20,15
1974,11,28,0,24,10
1974,11,29,0,26,11
1974,11,30,3.5,27,12
1974,12,1,3,23,15
1974,12,2,0,19,15
1974,12,3,0,20.5,14.5
1974,12,4,0,23,14
1974,12,5,0,24,12.5
1974,12,6,0,24.5,9.5
1974,12,7,0,28,11
1974,12,8,0,25.5,12
1974,12,9,1.5,22.5,14
1974,12,10,1.5,22.5,15.5
1974,12,11,0,25,15.5
1974,12,12,0,26.5,13
1974,12,13,1,25.5,14
1974,12,14,0,26,17.5
1974,12,15,0,28,16.5
1974,12,16,2.5,28,14
1974,12,17,7,20,16
1974,12,18,0,21,14
1974,12,19,0,26,14.5
1974,12,20,0,26,14
1974,12,21,2.5,25,15
1974,12,22,1,25.5,16
1974,12,23,1,26,15.5
1974,12,24,0,26,17
1974,12,25,0,27,16
1974,12,26,6.5,26,16
1974,12,27,6,25,15
1974,12,28,2.5,24,15
1974,12,29,0,25,10
1974,12,30,0,25,11
1974,12,31,0,25,12
1975,1,1,0,24,12.5
1975,1,2,2,23,14
1975,1,3,0,26,12.5
1975,1,4,0.5,25,13
1975,1,5,3,22,14
1975,1,6,1,24,16
1975,1,7,0,24.5,16.5
1975,1,8,0,27,11
1975,1,9,0,27,12
1975,1,10,0,29,12
1975,1,11,0,29,6
1975,1,12,5,29,8
1975,1,13,5.5,18,10
1975,1,14,0,17,13
1975,1,15,0,19,13
1975,1,16,2,21.5,13
1975,1,17,0,24,13.5
1975,1,18,0,25,14
1975,1,19,0,25,12
1975,1,20,1.5,23,11
1975,1,21,0,22,12
1975,1,22,0,25,14.5
1975,1,23,4,24,15
1975,1,24,0,24,15.5
1975,1,25,0,26,16
1975,1,26,6.5,26,13
1975,1,27,23,20,14
1975,1,28,1,23,16
1975,1,29,5.5,23,16
1975,1,30,1,25,15
1975,1,31,0,26,13
1975,2,1,0,26,14
1975,2,2,0,24,13
1975,2,3,0,25,12
1975,2,4,0,27,11
1975,2,5,0,28.5,11
1975,2,6,0,29,12
1975,2,7,15.5,23,13
1975,2,8,0,25,16
1975,2,9,0,28,13
1975,2,10,0,27,13.5
1975,2,11,0,28,13
1975,2,12,0,30,10
1975,2,13,3,26,11
1975,2,14,0,27,13
1975,2,15,0,28,12
1975,2,16,0,30,12
1975,2,17,0,31,13
1975,2,18,0,30,14
1975,2,19,0,30,12
1975,2,20,0,26,12.5
1975,2,21,0,28,12
1975,2,22,0,30,12.5
1975,2,23,0,33,13
1975,2,24,0,20,14
1975,2,25,0,24,13
1975,2,26,0,26,11
1975,2,27,2.5,30,11
1975,2,28,0,28.5,16
1975,3,1,0,30,13.5
1975,3,2,0,30,15
1975,3,3,0,30,15
1975,3,4,0,29.5,13
1975,3,5,0,29,14
1975,3,6,0,28.5,13
1975,3,7,12.5,29,15
1975,3,8,7,25.5,17
1975,3,9,0,27,16
1975,3,10,0,30,11.5
1975,3,11,0,31,14
1975,3,12,0,31,14.5
1975,3,13,6.5,34.5,15
1975,3,14,2,22.5,16.5
1975,3,15,0,28,16
1975,3,16,0,32,13
1975,3,17,0,30.5,15.5
1975,3,18,0,33.5,13
1975,3,19,0,32,15.5
1975,3,20,0,30,14.5
1975,3,21,0,32,12
1975,3,22,0,31.5,11
1975,3,23,0,31.5,11.5
1975,3,24,0,35.5,13
1975,3,25,0,32.5,17
1975,3,26,0,31,17
1975,3,27,0,31,18.5
1975,3,28,0,34.5,16
1975,3,29,0,35,16
1975,3,30,0,33.5,16.5
1975,3,31,0,28.5,19
1975,4,1,0,33,16
1975,4,2,0,32.5,16.5
1975,4,3,0,32,15.5
1975,4,4,0,30,14
1975,4,5,0,29.5,15
1975,4,6,0,31,15
1975,4,7,0,33,14
1975,4,8,0,35,13.5
1975,4,9,0,36,15
1975,4,10,0,36,13
1975,4,11,0,37,14
1975,4,12,0,34,17
1975,4,13,0,37.5,16
1975,4,14,0,36,16
1975,4,15,0,35,17
1975,4,16,0,32,15
1975,4,17,0,33,11
1975,4,18,0,31.5,13
1975,4,19,0,33,14
1975,4,20,0,32,18
1975,4,21,3,30,19
1975,4,22,0,29.5,16
1975,4,23,0,31,15
1975,4,24,0,30,15.5
1975,4,25,0,32,15
1975,4,26,0,32,15.5
1975,4,27,0,33,15
1975,4,28,6,33,16
1975,4,29,0,34,16
1975,4,30,0,34,16
1975,5,1,0,32,17
1975,5,2,0,32,18
1975,5,3,0,32,13
1975,5,4,0,34,16
1975,5,5,0,36,18
1975,5,6,0,38,19
1975,5,7,0,37,19
1975,5,8,0,36,18
1975,5,9,0,36,19
1975,5,10,0,34,17.5
1975,5,11,0,35,17
1975,5,12,0,35,16
1975,5,13,0,33,18
1975,5,14,6.5,32,16
1975,5,15,0.5,34,17
1975,5,16,0,34,19
1975,5,17,0,33,19
1975,5,18,0,33,16
1975,5,19,0,34,16
1975,5,20,0,34.5,17.5
1975,5,21,0,34,17
1975,5,22,0,35,16
1975,5,23,5.5,34,17
1975,5,24,0,33,18
1975,5,25,0,34,18
1975,5,26,0,30,19
1975,5,27,0,32,18
1975,5,28,1,34,17.5
1975,5,29,0,36,19.5
1975,5,30,0,35,19
1975,5,31,55,36.5,17.7
1975,6,1,14,30.5,18.4
1975,6,2,12,30,19.9
1975,6,3,15,30,19.5
1975,6,4,1.5,28,19
1975,6,5,2.5,33,19
1975,6,6,10,32.5,19
1975,6,7,0,35,18
1975,6,8,25,34,19
1975,6,9,13.5,34,19
1975,6,10,0,31,20
1975,6,11,2,30,19
1975,6,12,6,32,20.5
1975,6,13,5.5,30,20
1975,6,14,0,30,19
1975,6,15,0,31,16.5
1975,6,16,0,28.8,16.5
1975,6,17,1,29.7,17
1975,6,18,31,30.4,18
1975,6,19,2.5,29,19
1975,6,20,0,30.5,19
1975,6,21,0,31,18
1975,6,22,0,30,16
1975,6,23,22,30,18
1975,6,24,16,26,20
1975,6,25,7.5,26,19
1975,6,26,1,29,19
1975,6,27,1.5,27.5,18.5
1975,6,28,6,27,16.5
1975,6,29,2.5,27,19
1975,6,30,0,27.5,17
1975,7,1,1.5,28,17
1975,7,2,14.5,28,17
1975,7,3,14,26,17.5
1975,7,4,0,27.5,18
1975,7,5,0.5,27,17
1975,7,6,3,28,16
1975,7,7,6,28,17
1975,7,8,0,28,19
1975,7,9,8,29,19
1975,7,10,1.5,29,18
1975,7,11,0,27,19
1975,7,12,0.5,30,16
1975,7,13,0,31,15
1975,7,14,20.5,31,17
1975,7,15,1,30,17
1975,7,16,18.5,29,17.5
1975,7,17,19.5,30,17
1975,7,18,1.5,29,17
1975,7,19,0,29,15.5
1975,7,20,0,30,16
1975,7,21,2.5,29,15
1975,7,22,0,29,17
1975,7,23,75,29,18
1975,7,24,2,30,17
1975,7,25,10.5,27,19
1975,7,26,17,28,18
1975,7,27,0,28,18.5
1975,7,28,7.5,29,16
1975,7,29,0,29,17
1975,7,30,0.5,29,17
1975,7,31,0,30,16
1975,8,1,1,30,15
1975,8,2,1,29,17.5
1975,8,3,24.5,30,17
1975,8,4,10,29,19
1975,8,5,4,27,19
1975,8,6,0,29,17
1975,8,7,4.5,30.5,17
1975,8,8,1,29.6,18
1975,8,9,0,28.9,18.5
1975,8,10,3.5,28,18
1975,8,11,0,29,17
1975,8,12,15.5,30,18
1975,8,13,15.5,30,18
1975,8,14,0,29,18.5
1975,8,15,0,29.5,17
1975,8,16,19,30,17.5
1975,8,17,10.5,28,19
1975,8,18,1.5,29,17
1975,8,19,8.5,28,19
1975,8,20,9,28,19.5
1975,8,21,1.5,26,19
1975,8,22,9.5,27.5,19.2
1975,8,23,11,27,18.1
1975,8,24,10.5,29,18.6
1975,8,25,1.5,29,19.2
1975,8,26,14.5,30.5,17
1975,8,27,0,29,18
1975,8,28,0,30,16
1975,8,29,27,30,17
1975,8,30,0,29,18
1975,8,31,0,31,16
1975,9,1,16.5,32,17
1975,9,2,3,30,18
1975,9,3,5.5,29,19
1975,9,4,12.5,29,19
1975,9,5,3.5,29,19
1975,9,6,14.5,29.5,20
1975,9,7,24.5,29,19
1975,9,8,1,31,20
1975,9,9,44,29,17.4
1975,9,10,35,29,18.7
1975,9,11,0,27,20.1
1975,9,12,19.5,29,17
1975,9,13,30,29,19
1975,9,14,10,28,17.4
1975,9,15,2,28.5,18.7
1975,9,16,0,29,16.4
1975,9,17,0,29.5,18
1975,9,18,0,31,18
1975,9,19,6.5,30.5,18
1975,9,20,8,29,17
1975,9,21,0,30,16
1975,9,22,0,30,17
1975,9,23,3.5,24,16
1975,9,24,2,23,15
1975,9,25,0.5,25,16.5
1975,9,26,2,25,16
1975,9,27,1,26,17
1975,9,28,0,27,14
1975,9,29,0,29,16
1975,9,30,1,30,16
1975,10,1,50,29,18
1975,10,2,30,24,19
1975,10,3,10,25,19
1975,10,4,6,28,18
1975,10,5,20,26,19
1975,10,6,14,24,19
1975,10,7,30,25,19
1975,10,8,5,28,18
1975,10,9,38,29,18
1975,10,10,4,29,18
1975,10,11,3,29,17.5
1975,10,12,18,27,19
1975,10,13,1,28,20
1975,10,14,23,30,20
1975,10,15,31,29,19.5
1975,10,16,2.5,31,20
1975,10,17,3,28,19
1975,10,18,11,26,19
1975,10,19,3.5,24,17
1975,10,20,0,23,16
1975,10,21,0,23,17
1975,10,22,0,27,16
1975,10,23,0,30,17
1975,10,24,0,30,17
1975,10,25,0,29,17.5
1975,10,26,3,28.6,15.5
1975,10,27,2,26.7,16
1975,10,28,3,29.9,17
1975,10,29,54,20,17.5
1975,10,30,35,22,17
1975,10,31,5.5,26,18
1975,11,1,1,27.5,17
1975,11,2,5,29,17
1975,11,3,20,28,18
1975,11,4,16,28,19
1975,11,5,1,28,18.5
1975,11,6,10,27,18
1975,11,7,1.5,27,19
1975,11,8,2,28,18
1975,11,9,2.5,29,19
1975,11,10,0,30,19
1975,11,11,0,30,15
1975,11,12,3.5,28,16
1975,11,13,17,21,15.5
1975,11,14,0,21,15
1975,11,15,0,20,15
1975,11,16,0,23,11
1975,11,17,0,24,12.5
1975,11,18,6,23,14
1975,11,19,1,26,16
1975,11,20,6,28,17.5
1975,11,21,5.5,28,18
1975,11,22,0,27,17
1975,11,23,0,21,15.5
1975,11,24,2,25.5,17
1975,11,25,5,22,16
1975,11,26,0,26,17
1975,11,27,5,27,10
1975,11,28,0.5,25,13
1975,11,29,0,24,17
1975,11,30,4,27,14
1975,12,1,2,25,15
1975,12,2,2.5,26,16
1975,12,3,3.5,26,16
1975,12,4,4,21,16.5
1975,12,5,0.5,25,16
1975,12,6,18,24,11
1975,12,7,0.5,21,11.5
1975,12,8,0,25,14
1975,12,9,0,25,13
1975,12,10,0,25,13.5
1975,12,11,0,21,13
1975,12,12,0,21,14
1975,12,13,0,23,14
1975,12,14,0,24,14
1975,12,15,1,24,15
1975,12,16,9.5,24.5,15
1975,12,17,11.5,23.5,16
1975,12,18,3,25,14
1975,12,19,6.5,21,16
1975,12,20,3.5,23,16
1975,12,21,0.5,22,16.5
1975,12,22,0,23,14
1975,12,23,0,24,14.5
1975,12,24,0,22.5,13
1975,12,25,4,28.5,12.5
1975,12,26,7.5,20.5,13.5
1975,12,27,0,23,16.5
1975,12,28,0,24,16
1975,12,29,0,28,15
1975,12,30,0,27,15
1975,12,31,0,25.5,16
1976,1,1,0,25.5,15.5
1976,1,2,0,26,11
1976,1,3,0.5,27,12
1976,1,4,3.5,19.5,13
1976,1,5,0,24,15
1976,1,6,0,24,14
1976,1,7,0,25,15
1976,1,8,2.5,25,12
1976,1,9,11.5,16,12.5
1976,1,10,2.5,16.5,13.5
1976,1,11,5.5,22.5,14
1976,1,12,2,22.5,15
1976,1,13,2.5,24,16.5
1976,1,14,16.5,25,17.5
1976,1,15,2.5,23,16
1976,1,16,4.5,25.5,16
1976,1,17,2,17.5,14
1976,1,18,0,16.5,12.5
1976,1,19,0,18,8
1976,1,20,10,18,10
1976,1,21,0.5,18,12.5
1976,1,22,0,20,13
1976,1,23,0,22,8
1976,1,24,0,24,9.5
1976,1,25,0,28,14
1976,1,26,0,29,11
1976,1,27,12,27,11.5
1976,1,28,0,21,14
1976,1,29,0,20,15
1976,1,30,0,22,14
1976,1,31,0,25,13
1976,2,1,0,24,15
1976,2,2,0,21,14
1976,2,3,0,24.5,13
1976,2,4,0,26,8
1976,2,5,0,28,10
1976,2,6,0,24,12
1976,2,7,3,26,12.5
1976,2,8,7,20,14
1976,2,9,0,24,12
1976,2,10,0,25,11
1976,2,11,0,24,10
1976,2,12,0,24.5,10.5
1976,2,13,0,25,9
1976,2,14,3,25,9.5
1976,2,15,4,22,15
1976,2,16,0,25,15.5
1976,2,17,0,26,12
1976,2,18,0,29,12
1976,2,19,0,28,13
1976,2,20,0,28,11.5
1976,2,21,0,29,12
1976,2,22,3.5,21.5,14
1976,2,23,1.5,16,13
1976,2,24,0,16.5,12
1976,2,25,0,21,12
1976,2,26,7.5,21,13
1976,2,27,3.5,19.5,13.5
1976,2,28,2.5,21,15
1976,2,29,0,27,15
1976,3,1,0,29,13
1976,3,2,0,29,13.5
1976,3,3,0,26,14
1976,3,4,0,28,14
1976,3,5,2,30,14
1976,3,6,0,29,15
1976,3,7,0,24,16
1976,3,8,0,29,14
1976,3,9,0,31,12
1976,3,10,0,29,14
1976,3,11,0,29,14
1976,3,12,0,29,13
1976,3,13,4,28,15
1976,3,14,0,27,16
1976,3,15,0,27,14
1976,3,16,0,32,13
1976,3,17,0,26,14.5
1976,3,18,0,28,13
1976,3,19,0,28,10.5
1976,3,20,0,29,14
1976,3,21,0,32,16
1976,3,22,0,31,17
1976,3,23,0,29,16
1976,3,24,0,29.5,14
1976,3,25,0,30,14.5
1976,3,26,0,32,14
1976,3,27,0,34,13.5
1976,3,28,0,31,15
1976,3,29,0,33,15
1976,3,30,0,34,13.5
1976,3,31,10,30,14
1976,4,1,9.5,29,15
1976,4,2,0,27.5,16.5
1976,4,3,0,29,13
1976,4,4,0,31,14
1976,4,5,5,32,14.5
1976,4,6,37,32,17
1976,4,7,0,30,17
1976,4,8,0.5,30,17
1976,4,9,0,29,17.5
1976,4,10,0,29,13
1976,4,11,0,29,12
1976,4,12,0,29.5,13
1976,4,13,0,29,15
1976,4,14,0,29.5,11
1976,4,15,0,29.5,13
1976,4,16,0,29,14
1976,4,17,0,29.5,13.5
1976,4,18,0,29,15.5
1976,4,19,0,29.5,18
1976,4,20,0,29.5,15
1976,4,21,0,31.5,16
1976,4,22,0,32,17
1976,4,23,0,33.1,13
1976,4,24,0,32.2,13
1976,4,25,49,31.7,16
1976,4,26,0,31.5,17
1976,4,27,2,31,17
1976,4,28,0,31,18
1976,4,29,0,30,17
1976,4,30,0,29,17
1976,5,1,3,30,16
1976,5,2,1,26,18
1976,5,3,0,28,16
1976,5,4,0,29,17
1976,5,5,0,28,16.5
1976,5,6,0,31,15
1976,5,7,0,31,17
1976,5,8,12,30,16
1976,5,9,0,28,19
1976,5,10,0,29,16.5
1976,5,11,0,31,16
1976,5,12,0,31.5,16
1976,5,13,7,32,17
1976,5,14,0,31,17
1976,5,15,1,32,18
1976,5,16,14,33,17.1
1976,5,17,36,31,18.3
1976,5,18,44,29,18.6
1976,5,19,1,27,17.5
1976,5,20,4,31,19
1976,5,21,2.5,30,19.5
1976,5,22,0.5,32,17
1976,5,23,7,33,18
1976,5,24,2,32,16.5
1976,5,25,0,33,17
1976,5,26,0,33.5,19.5
1976,5,27,19,36,16
1976,5,28,0,31,18.5
1976,5,29,0,32,19
1976,5,30,0,32,17
1976,5,31,0,33,18
1976,6,1,2,32,18
1976,6,2,0,32,17
1976,6,3,5,29,18
1976,6,4,6,27,19
1976,6,5,0,28,19
1976,6,6,0,30,17.5
1976,6,7,0,29,18
1976,6,8,0,31,16
1976,6,9,2,31.5,18
1976,6,10,4,29,19
1976,6,11,12,31,20
1976,6,12,5,29,19.5
1976,6,13,0,27.5,19
1976,6,14,12,29,20
1976,6,15,4,31,20
1976,6,16,3.5,31.5,19
1976,6,17,3,30.5,20.5
1976,6,18,4.5,31.5,18
1976,6,19,5,30.5,20
1976,6,20,22,26,19
1976,6,21,36,24,19.5
1976,6,22,0.5,28.5,18
1976,6,23,0.5,28,19
1976,6,24,9.5,30.5,19.5
1976,6,25,7.5,28,19
1976,6,26,10.5,25,20
1976,6,27,7,27.5,19
1976,6,28,29.5,22,20
1976,6,29,15.5,26.5,19
1976,6,30,6.5,26,20
1976,7,1,14,28,20
1976,7,2,33.5,28.5,19
1976,7,3,0.5,27,18
1976,7,4,2.5,28.5,19
1976,7,5,2,27,20
1976,7,6,16.5,28,19
1976,7,7,23,28.5,19.5
1976,7,8,24,28.5,19.5
1976,7,9,0,28,19
1976,7,10,0,28.5,19.5
1976,7,11,0,28.5,16.5
1976,7,12,4.5,29.5,16
1976,7,13,1,29,16.5
1976,7,14,57,29,17
1976,7,15,6,26,18
1976,7,16,4,29,20
1976,7,17,1.5,28,19
1976,7,18,3,28,16
1976,7,19,34,26,17.5
1976,7,20,13,24,19
1976,7,21,3,27,18
1976,7,22,3.5,28.5,18
1976,7,23,5,28,18
1976,7,24,8.2,28.5,19
1976,7,25,11,26.5,19
1976,7,26,12.5,26,18
1976,7,27,0.5,26.5,18
1976,7,28,1.2,28,15
1976,7,29,31.5,28,16.5
1976,7,30,6.5,28.5,18.5
1976,7,31,0,30,17
1976,8,1,0,29,16
1976,8,2,0.5,29.5,16
1976,8,3,22,29,17
1976,8,4,6.5,28.5,17
1976,8,5,1.5,27,18
1976,8,6,2.5,27,17.5
1976,8,7,8.6,27,18
1976,8,8,0,29,18.5
1976,8,9,9,29,17.5
1976,8,10,2,27,18
1976,8,11,7,29,19
1976,8,12,20,29.5,18
1976,8,13,15,30,19.5
1976,8,14,30,29,19.5
1976,8,15,17,28,19
1976,8,16,8.5,30,20
1976,8,17,0,30,18
1976,8,18,3.5,31,18
1976,8,19,24.5,30.5,19
1976,8,20,2.5,29,19
1976,8,21,0,29,18.5
1976,8,22,14.5,29,18
1976,8,23,17.5,28,19
1976,8,24,0,29,19
1976,8,25,3,30,17
1976,8,26,0.5,28,19
1976,8,27,0,30,19
1976,8,28,4,29,16.5
1976,8,29,3.7,31.5,19
1976,8,30,11.5,29,19.5
1976,8,31,6.5,29,19
1976,9,1,17,28,19
1976,9,2,21,28,19
1976,9,3,57,26,19.5
1976,9,4,1.5,26,19
1976,9,5,0.5,29,18.5
1976,9,6,1,29,18
1976,9,7,19,29,17
1976,9,8,19,25,18.5
1976,9,9,30.5,29,18
1976,9,10,3.5,27.5,18
1976,9,11,8.5,28,19.5
1976,9,12,20.5,27,19
1976,9,13,8.5,27,18
1976,9,14,7,29,20
1976,9,15,16,30.5,19
1976,9,16,4,28.5,18.5
1976,9,17,9,29.5,19
1976,9,18,0,29.5,18.5
1976,9,19,0,29.5,19
1976,9,20,0,30,18
1976,9,21,0.5,31,18
1976,9,22,4,29,18
1976,9,23,0,30,19
1976,9,24,2,30.5,18
1976,9,25,0,30,17
1976,9,26,0,31,16
1976,9,27,0,31,16
1976,9,28,5,30,17
1976,9,29,3.5,30,17
1976,9,30,6.5,30,17.5
1976,10,1,1.5,30.5,19
1976,10,2,0.5,29.5,17.5
1976,10,3,29,29.5,19.5
1976,10,4,0.5,30.3,19
1976,10,5,7,30.9,19
1976,10,6,17,26.9,18.5
1976,10,7,0,28,19
1976,10,8,48,31,20
1976,10,9,0.5,23.5,19
1976,10,10,0.5,24,18.5
1976,10,11,4,23.5,18.5
1976,10,12,17.5,25,18.5
1976,10,13,0.5,22,18
1976,10,14,0,25,19.2
1976,10,15,0,27,19.6
1976,10,16,11,30,19.6
1976,10,17,8,27,18.5
1976,10,18,0,28,18
1976,10,19,2,28,16.5
1976,10,20,2,23,18
1976,10,21,0,23.5,17.5
1976,10,22,0,23,16
1976,10,23,0,27,17.5
1976,10,24,0,28,21.5
1976,10,25,0,29,17.5
1976,10,26,0,29,16.5
1976,10,27,0,29,16.5
1976,10,28,0,28,15.5
1976,10,29,0,29,15.5
1976,10,30,8.5,29.5,15.5
1976,10,31,2.5,28.5,20.5
1976,11,1,0.5,23,17.5
1976,11,2,0.5,22,17
1976,11,3,1,22,16
1976,11,4,2,20,11.5
1976,11,5,0,21,15
1976,11,6,4.3,20.5,12
1976,11,7,0,20,13.5
1976,11,8,0,19,15
1976,11,9,0,25,14.5
1976,11,10,0,25.5,16
1976,11,11,0,26.5,16
1976,11,12,0,28,15
1976,11,13,5.5,25,18
1976,11,14,1,26.5,16.5
1976,11,15,15.5,26,18.5
1976,11,16,2,26.5,19
1976,11,17,0,27,18
1976,11,18,0,24.5,18.5
1976,11,19,0,26,19
1976,11,20,1.5,28.5,17
1976,11,21,1,27.5,18.5
1976,11,22,31.5,21,19
1976,11,23,8.5,20,17
1976,11,24,7,20,18
1976,11,25,0.5,19.5,15.5
1976,11,26,0,27,16
1976,11,27,0,28.5,12.5
1976,11,28,0,29.5,14
1976,11,29,4,23,15.5
1976,11,30,1,21.5,17
1976,12,1,0,24,17
1976,12,2,3,23.5,15.5
1976,12,3,0.5,21.5,16.5
1976,12,4,0,24.5,16.5
1976,12,5,0.5,21,17.5
1976,12,6,0,27,15
1976,12,7,1,29,13
1976,12,8,5.5,20,15.5
1976,12,9,6.5,18,15
1976,12,10,2,22.5,15.5
1976,12,11,4.5,25.5,17
1976,12,12,1,27,18.5
1976,12,13,9.5,24,18.5
1976,12,14,1.5,22,18
1976,12,15,0,25,18.5
1976,12,16,1,22.5,17
1976,12,17,0,21,16.9
1976,12,18,0,25,17.3
1976,12,19,0,26,16
1976,12,20,0,26.5,18
1976,12,21,6.5,23,11.5
1976,12,22,0.5,22,16.5
1976,12,23,0.5,24,17
1976,12,24,0,22.5,17
1976,12,25,0,26.5,17
1976,12,26,1,21.5,12
1976,12,27,0,18.5,13.5
1976,12,28,0,27.5,14
1976,12,29,0,25.5,10.5
1976,12,30,0,25.5,12
1976,12,31,0,29.5,11.5
1977,1,1,0,27.5,12.5
1977,1,2,0,25,11.5
1977,1,3,0,27,13
1977,1,4,0,25,16.5
1977,1,5,0,26.5,10.5
1977,1,6,0,27.5,10.5
1977,1,7,4,26,8.5
1977,1,8,0,26,10
1977,1,9,0,29,11.5
1977,1,10,3.5,22.5,9.5
1977,1,11,0,21,10.5
1977,1,12,0,20,15.5
1977,1,13,0,24.5,13.5
1977,1,14,0,29.5,12.5
1977,1,15,0,28.5,11.5
1977,1,16,3.5,25.5,14
1977,1,17,1,21.5,16.5
1977,1,18,1.5,21,14.5
1977,1,19,0,17.5,13.5
1977,1,20,0,20.5,12
1977,1,21,0,19.5,7.5
1977,1,22,0,18,10.5
1977,1,23,0,23,14
1977,1,24,0,25,15
1977,1,25,0,24,13.5
1977,1,26,0,23.5,13
1977,1,27,0,29.5,10.5
1977,1,28,0,29.5,11.5
1977,1,29,0,29,11.5
1977,1,30,0,27,13.5
1977,1,31,0.5,28,12
1977,2,1,2.5,25,14
1977,2,2,0,25.5,16
1977,2,3,0,28.5,16
1977,2,4,0,28.5,16.5
1977,2,5,0,27.5,13
1977,2,6,2.5,25.5,15
1977,2,7,1,23.5,15.5
1977,2,8,2,25.5,17.5
1977,2,9,6,23.5,18
1977,2,10,8,23.5,17
1977,2,11,0,27,17.5
1977,2,12,0,28,18
1977,2,13,1.5,28.5,17
1977,2,14,0,26.5,18
1977,2,15,1.5,26.5,18
1977,2,16,1.5,20,18
1977,2,17,0,17,14
1977,2,18,0,22.5,12
1977,2,19,0,24,12
1977,2,20,0,25,15
1977,2,21,0,24,13
1977,2,22,0,27.5,11
1977,2,23,0,33,11
1977,2,24,0,31.5,12.5
1977,2,25,0,29.5,14
1977,2,26,0,32,15
1977,2,27,0,26.5,16
1977,2,28,0,20,15
1977,3,1,0,20,14.5
1977,3,2,0,27,15
1977,3,3,0,30,14.5
1977,3,4,0,34,13
1977,3,5,0,28.5,14
1977,3,6,0,32.5,14.5
1977,3,7,4,23,16
1977,3,8,1,18,15
1977,3,9,0,26,15
1977,3,10,0,29,12
1977,3,11,0,36,13
1977,3,12,0,34.5,10
1977,3,13,0,28,13
1977,3,14,0,32.5,13
1977,3,15,0,33.5,13
1977,3,16,0,29.5,11
1977,3,17,0,30.5,11
1977,3,18,0,33,10.5
1977,3,19,0,34,12
1977,3,20,0,33,14
1977,3,21,0,31.5,16.5
1977,3,22,0,32,16
1977,3,23,0,30.5,15
1977,3,24,0,30.5,14
1977,3,25,0,34,12
1977,3,26,0,32.5,14.5
1977,3,27,0,33.5,14
1977,3,28,0,39,14.5
1977,3,29,0,37,16
1977,3,30,0,36,16.5
1977,3,31,0,34.5,17
1977,4,1,0,34,19
1977,4,2,0,35.5,17
1977,4,3,0,36,15.5
1977,4,4,0,38,15
1977,4,5,1,22.5,16
1977,4,6,0,19,16.5
1977,4,7,0,22,16
1977,4,8,0,24,16.5
1977,4,9,0,25.5,17
1977,4,10,8,21,16
1977,4,11,5.5,24.5,16
1977,4,12,0,28,16.5
1977,4,13,0,29,18
1977,4,14,11.5,30,19
1977,4,15,5,27.5,17
1977,4,16,0,29,16.5
1977,4,17,12.5,33,17
1977,4,18,18,31.5,18
1977,4,19,0,30,17.5
1977,4,20,0,30.5,18
1977,4,21,0,32,17
1977,4,22,8,32,18.5
1977,4,23,0,29,18
1977,4,24,0,28,14
1977,4,25,0,26,11.5
1977,4,26,0,28,12.5
1977,4,27,0,28,15
1977,4,28,0,27.5,17
1977,4,29,0,31.5,15.5
1977,4,30,0,32.5,14.5
1977,5,1,0,31.5,15.5
1977,5,2,0,31,15
1977,5,3,0,31,15.5
1977,5,4,1,31.5,17
1977,5,5,4.5,31,19
1977,5,6,30.5,33.5,18
1977,5,7,0,32,18.5
1977,5,8,19,33,18
1977,5,9,24.5,31.5,16
1977,5,10,0,32,17.5
1977,5,11,0,34,16.5
1977,5,12,0,32,19.5
1977,5,13,5.5,30,19
1977,5,14,0,30,17
1977,5,15,3,31.5,17
1977,5,16,0,31,19.5
1977,5,17,2,31.5,21
1977,5,18,0,30.5,19.5
1977,5,19,0,30,18.5
1977,5,20,0,32,18
1977,5,21,0,33,15.5
1977,5,22,0,31.5,17
1977,5,23,0,32.5,16
1977,5,24,31,32.5,15.5
1977,5,25,8.5,29,19
1977,5,26,0.5,30.5,18.5
1977,5,27,32,29,18.5
1977,5,28,0,30.5,19.5
1977,5,29,0,31,17.5
1977,5,30,8.5,31,20
1977,5,31,0,28,19
1977,6,1,0,29,16
1977,6,2,0,29,15.5
1977,6,3,0,30,17
1977,6,4,4,29.5,14
1977,6,5,0,29,17.5
1977,6,6,42,31.5,18
1977,6,7,9.5,29.5,20
1977,6,8,0.8,29,19.5
1977,6,9,60,30.5,20.5
1977,6,10,31.3,29.5,19.5
1977,6,11,0.8,29.5,20.5
1977,6,12,0,31.5,17.5
1977,6,13,5.3,30.5,18.5
1977,6,14,35,29.5,15.5
1977,6,15,2.6,28.5,18.5
1977,6,16,20,27,18.5
1977,6,17,18,26,19.5
1977,6,18,23,28.5,19.3
1977,6,19,6,28,20.2
1977,6,20,42,28.5,19.8
1977,6,21,18,28.5,19
1977,6,22,27.2,27.5,19.5
1977,6,23,6.5,27,20
1977,6,24,0,28.5,19.5
1977,6,25,4.5,28.5,16.5
1977,6,26,2.3,27.5,15.5
1977,6,27,13,29.5,19
1977,6,28,5,29,20
1977,6,29,8.5,29,19
1977,6,30,2.2,28,19.5
1977,7,1,4.7,27.5,19.5
1977,7,2,1.8,27,17
1977,7,3,6.5,27,18
1977,7,4,28.2,28.5,18
1977,7,5,31,26,18.5
1977,7,6,3.5,27.5,19
1977,7,7,0,30,16
1977,7,8,0.1,29.5,15
1977,7,9,18,29,17
1977,7,10,9.8,26,19.5
1977,7,11,0,28,19.5
1977,7,12,0,30.5,17
1977,7,13,0,29,19
1977,7,14,1.3,28,18
1977,7,15,37.8,30,18
1977,7,16,17.8,28.5,18
1977,7,17,27.2,29,19.5
1977,7,18,3.5,28,18.5
1977,7,19,6.6,29,19.5
1977,7,20,1.7,29,20
1977,7,21,1.8,27.5,19.5
1977,7,22,7.5,26.5,19
1977,7,23,4.5,25,19.5
1977,7,24,0,28,19
1977,7,25,0.1,29,18
1977,7,26,1.7,29.5,18
1977,7,27,0.1,29,17.5
1977,7,28,0.5,28,19
1977,7,29,21.5,28,20
1977,7,30,5,28,17
1977,7,31,0,29,17.5
1977,8,1,6.6,30.5,19
1977,8,2,4,29.5,19.5
1977,8,3,8.6,29,19
1977,8,4,8.2,28,20
1977,8,5,4.9,28.5,18
1977,8,6,10.2,29,19.5
1977,8,7,1,27,19.5
1977,8,8,57.6,27.5,19
1977,8,9,34.8,26,19
1977,8,10,19.5,29,18.5
1977,8,11,9.5,27.7,19.5
1977,8,12,27.5,29,19
1977,8,13,0,29,19
1977,8,14,1.6,29.5,17.5
1977,8,15,4.2,29,19
1977,8,16,10.5,29,19.5
1977,8,17,1,29,19
1977,8,18,5.8,28.5,17.5
1977,8,19,2.5,26.5,19
1977,8,20,0,27.5,20
1977,8,21,0,30,17.5
1977,8,22,8,30,19.5
1977,8,23,9,28.5,20
1977,8,24,0,29.5,19
1977,8,25,12.7,30,17.5
1977,8,26,6.5,29,19
1977,8,27,0.5,30,19
1977,8,28,0,30.5,18.5
1977,8,29,6.6,31,17.5
1977,8,30,0,30,17
1977,8,31,0,31.5,18
1977,9,1,2.5,31.5,16
1977,9,2,2,31.5,18.5
1977,9,3,2.5,31,19
1977,9,4,0,31,18.5
1977,9,5,0,30.5,19.5
1977,9,6,0,30.5,18.5
1977,9,7,6.5,30,20
1977,9,8,18.5,28,18
1977,9,9,23,29,18
1977,9,10,1.5,29,18.5
1977,9,11,6.7,30,19.5
1977,9,12,2.8,29,19
1977,9,13,0,30,19
1977,9,14,10.6,30,18
1977,9,15,30,29.5,20
1977,9,16,11.2,28,20
1977,9,17,27.6,29,20
1977,9,18,12,30.5,19
1977,9,19,12.6,29.5,19.5
1977,9,20,7.5,27.5,19.5
1977,9,21,22.5,28,20
1977,9,22,0,29,19
1977,9,23,6,29.5,19
1977,9,24,8,30.5,20
1977,9,25,5.7,30.5,19.5
1977,9,26,8.5,30,19
1977,9,27,5.4,29.5,19.5
1977,9,28,5.7,30,19.5
1977,9,29,2.3,28.5,20
1977,9,30,1.7,29,20.5
1977,10,1,8,29.5,20
1977,10,2,6.6,27.9,19.5
1977,10,3,2.5,30.6,19.5
1977,10,4,7.9,28.5,18
1977,10,5,6.5,29,19
1977,10,6,17.5,29,19
1977,10,7,3.7,28.5,20
1977,10,8,2.8,29.5,19.5
1977,10,9,0,30,18.5
1977,10,10,0,30,18
1977,10,11,1,29.5,16.5
1977,10,12,9,29,17.5
1977,10,13,1.7,28.5,18
1977,10,14,0,21,17
1977,10,15,0,21.5,16.5
1977,10,16,0,22.5,16
1977,10,17,0,27.5,16
1977,10,18,4.1,24,14.5
1977,10,19,1.8,23,17.5
1977,10,20,0.2,26.5,18.5
1977,10,21,0,27,18.5
1977,10,22,0,29,19.5
1977,10,23,1.5,30,19
1977,10,24,1.2,29.5,20
1977,10,25,6.7,27,20
1977,10,26,0,28.5,19
1977,10,27,7.6,29,19
1977,10,28,16.5,29,21
1977,10,29,5.3,26,20
1977,10,30,0,28,19
1977,10,31,6.2,29.5,18.5
1977,11,1,3,28,20
1977,11,2,11.5,29.5,19.5
1977,11,3,3.2,27.5,19.5
1977,11,4,14.2,28,19
1977,11,5,0,25,17
1977,11,6,0,25,18
1977,11,7,0,29,16.5
1977,11,8,0,30,18
1977,11,9,9.5,31,19.5
1977,11,10,22.5,27.5,19.5
1977,11,11,13.5,19.5,17
1977,11,12,0,19,15.5
1977,11,13,0,22.5,12.5
1977,11,14,0,21,12
1977,11,15,0,25,14
1977,11,16,0,29,13
1977,11,17,0,28,13
1977,11,18,10,28,14
1977,11,19,5.7,27,17
1977,11,20,1.5,27,19.5
1977,11,21,0,27,18.5
1977,11,22,0.5,28,16.5
1977,11,23,0.2,28.5,17.5
1977,11,24,1.5,28,17
1977,11,25,1.2,28.5,18.5
1977,11,26,0.1,26.5,14
1977,11,27,0,26,10
1977,11,28,0,28,11.5
1977,11,29,0,28,13.5
1977,11,30,0.1,30.5,17
1977,12,1,0,28,18
1977,12,2,0,29,16.5
1977,12,3,0,27,17
1977,12,4,0,27,18
1977,12,5,0,29,15.5
1977,12,6,64,29,16.5
1977,12,7,19,23,19
1977,12,8,1,26,18
1977,12,9,5.7,27.5,17
1977,12,10,11,20,16.5
1977,12,11,9.5,25,17.5
1977,12,12,0.3,24,17.5
1977,12,13,0,25,17.5
1977,12,14,0.6,27.5,16.5
1977,12,15,0,26.5,17
1977,12,16,0,24.5,17.5
1977,12,17,0,30.5,17.5
1977,12,18,1,27,16
1977,12,19,0,25.5,16.5
1977,12,20,26.7,26.5,16
1977,12,21,14.7,19.5,17
1977,12,22,0,16.5,13
1977,12,23,0,23.5,10
1977,12,24,0,26.5,11.5
1977,12,25,0,29.5,12
1977,12,26,0,27.5,13
1977,12,27,3.6,24.5,17.5
1977,12,28,0,24,17.5
1977,12,29,0,23,17
1977,12,30,0,27.5,13.5
1977,12,31,0,28.5,15
1978,1,1,0,27.5,13.5
1978,1,2,0,26.5,15
1978,1,3,14.4,22,14.5
1978,1,4,4.7,23.5,15.5
1978,1,5,5.6,25.5,17
1978,1,6,0,24,17.5
1978,1,7,0,26.5,15.5
1978,1,8,2.5,29.5,15
1978,1,9,0,20.5,12
1978,1,10,0,18.5,11
1978,1,11,0,22.5,13
1978,1,12,0,27,12
1978,1,13,0,27.5,9
1978,1,14,0,20,10
1978,1,15,0,21.5,13.5
1978,1,16,0,24,8.5
1978,1,17,0,28,9
1978,1,18,0,26,6
1978,1,19,0,28,7.5
1978,1,20,0,21.5,8
1978,1,21,2.5,21.5,15
1978,1,22,0.5,22.5,15.5
1978,1,23,1,23,17
1978,1,24,0,27,13
1978,1,25,0,31,13.5
1978,1,26,0,19,15.5
1978,1,27,1.8,21.5,14.5
1978,1,28,0.7,19.5,15
1978,1,29,0,22,15.6
1978,1,30,3,20,15.6
1978,1,31,0,22.5,15.8
1978,2,1,0,24,12
1978,2,2,1,25,14
1978,2,3,9,24,16.5
1978,2,4,5.5,20.5,17.5
1978,2,5,3.2,20.5,16
1978,2,6,0,20.5,10.5
1978,2,7,0,28,9
1978,2,8,0,29,10.5
1978,2,9,0,25,12
1978,2,10,0,26.5,14.5
1978,2,11,0,23.5,10.5
1978,2,12,0,30.5,12.5
1978,2,13,0,31.5,11
1978,2,14,0,27.5,12.5
1978,2,15,0,27.5,12.5
1978,2,16,0,28.5,13
1978,2,17,0,27.5,14.5
1978,2,18,3.3,28,16.5
1978,2,19,1.8,24,18
1978,2,20,1.5,25.5,17.5
1978,2,21,0,20.5,17.5
1978,2,22,0,16,12.5
1978,2,23,0,21.5,10.5
1978,2,24,0,24,9
1978,2,25,0,30,11
1978,2,26,0,29.5,12.5
1978,2,27,0,28.5,13
1978,2,28,0,33.5,12
1978,3,1,0,33,13.5
1978,3,2,0,33.5,13.5
1978,3,3,0,36,13.5
1978,3,4,0.2,30,11.5
1978,3,5,0,24,14
1978,3,6,0,28,16
1978,3,7,4.7,33,15.5
1978,3,8,11.5,28.5,16
1978,3,9,0,24,17
1978,3,10,0,23.5,14.5
1978,3,11,0,31.5,9.5
1978,3,12,0,32,12
1978,3,13,0,32,14
1978,3,14,0,35.5,13.5
1978,3,15,0,31,15
1978,3,16,6.4,28,18.5
1978,3,17,7,14.6,14
1978,3,18,2,16,12
1978,3,19,0,20.5,13
1978,3,20,0,24,14.5
1978,3,21,0,30.5,15
1978,3,22,0,30.5,14
1978,3,23,0,31.5,14
1978,3,24,0,34.5,15.5
1978,3,25,5,31.5,18.5
1978,3,26,5.1,30.5,16.5
1978,3,27,0,25,18.5
1978,3,28,0,26,16.5
1978,3,29,0,26,17
1978,3,30,0,26,13
1978,3,31,0,27.5,12.5
1978,4,1,0,27,13
1978,4,2,0,28.5,9.5
1978,4,3,0,28.5,11.5
1978,4,4,0,29,13
1978,4,5,0,29,13.5
1978,4,6,0,30,12
1978,4,7,0,30,14
1978,4,8,0,30.5,15.5
1978,4,9,0,34,15.5
1978,4,10,0,35,17
1978,4,11,19.5,36,17
1978,4,12,0,31,19.5
1978,4,13,11.2,30,21.5
1978,4,14,13.2,26,20.5
1978,4,15,0.5,29.5,18
1978,4,16,0,31.5,14
1978,4,17,0,32.5,15
1978,4,18,0,35,14
1978,4,19,0,34.5,17.5
1978,4,20,0,33,19.5
1978,4,21,0,32,18.5
1978,4,22,1.3,34,19.5
1978,4,23,18.5,34.5,15
1978,4,24,0,32.5,18
1978,4,25,7.5,30.5,20
1978,4,26,0,30,16.5
1978,4,27,0,29,16
1978,4,28,0,29.5,15
1978,4,29,0,30.5,14.5
1978,4,30,0,34,15.5
1978,5,1,0,37,16.5
1978,5,2,0,36.5,16
1978,5,3,0,36.5,14.5
1978,5,4,0,33.5,12
1978,5,5,0,33,17
1978,5,6,0,35.5,15.5
1978,5,7,0,36.5,16.5
1978,5,8,0,36.5,18
1978,5,9,0.3,36.5,20
1978,5,10,0,34,20
1978,5,11,0,31.5,19
1978,5,12,0,32,16
1978,5,13,0,34.5,16
1978,5,14,0,32.5,17.5
1978,5,15,0,33.5,16.5
1978,5,16,7.6,32.5,14.5
1978,5,17,12.5,33.5,17.5
1978,5,18,25.5,35.5,15.5
1978,5,19,0,33,18
1978,5,20,4.7,36.5,18.5
1978,5,21,31.5,30,20.5
1978,5,22,16.5,29.5,19.5
1978,5,23,1.8,29.5,20.5
1978,5,24,9,30.5,19.5
1978,5,25,10.9,29,19.5
1978,5,26,19.5,30.5,20
1978,5,27,18,28,19.5
1978,5,28,6.3,30.5,20.5
1978,5,29,28.5,30,21.5
1978,5,30,11.3,30.5,18.5
1978,5,31,0,30,19.5
1978,6,1,8.8,31,19
1978,6,2,2,30.5,20
1978,6,3,8.4,30.5,21
1978,6,4,7,31,19
1978,6,5,5.8,30.5,19
1978,6,6,14,30.5,19.5
1978,6,7,10.4,30,20.5
1978,6,8,53.5,31,20
1978,6,9,8.7,29.5,18.5
1978,6,10,0.2,29,18
1978,6,11,1.3,28,19
1978,6,12,5.9,27,19.5
1978,6,13,0.2,29,19.4
1978,6,14,11.3,29.5,19.1
1978,6,15,20,28.5,19.2
1978,6,16,4.4,28,19.5
1978,6,17,2,28.5,18.5
1978,6,18,14.3,30,19.5
1978,6,19,10,30,20
1978,6,20,51.5,30,19
1978,6,21,18.2,29,19
1978,6,22,38.7,29.5,19.5
1978,6,23,2,29,18
1978,6,24,0,29,20.5
1978,6,25,19.6,29,18
1978,6,26,0.2,28,19
1978,6,27,5.3,29,19.5
1978,6,28,6.8,30.5,19.5
1978,6,29,7.5,28.5,19
1978,6,30,6.1,30,19
1978,7,1,6.6,27.5,19.5
1978,7,2,18.3,27,19
1978,7,3,9.3,29,20
1978,7,4,1,28,19.5
1978,7,5,9.3,29,19
1978,7,6,0.3,27,19
1978,7,7,12.5,26.5,18
1978,7,8,17.2,27,18
1978,7,9,16.8,26.5,19
1978,7,10,5.3,27.5,19.5
1978,7,11,0.2,27.5,17.5
1978,7,12,24.5,29,17.5
1978,7,13,2.5,28,17.5
1978,7,14,4.2,29,18.5
1978,7,15,11.6,29.5,18
1978,7,16,34.7,30,19
1978,7,17,12.3,28,19.5
1978,7,18,25.2,28,20
1978,7,19,3.4,28,19
1978,7,20,6.7,27,17.5
1978,7,21,21.7,28,19.5
1978,7,22,40.5,28,19
1978,7,23,7.5,27,18.5
1978,7,24,5.8,29,19
1978,7,25,9,29.1,19.5
1978,7,26,0.1,28.8,18
1978,7,27,15.3,28.5,16
1978,7,28,11.6,30.5,19
1978,7,29,0.2,29,19
1978,7,30,0,29.5,18.5
1978,7,31,1.6,29,18.5
1978,8,1,0,28.5,18.5
1978,8,2,0.2,29,16
1978,8,3,1.5,29.5,16
1978,8,4,16.1,29,17.5
1978,8,5,9.5,28.5,19
1978,8,6,3,29,19
1978,8,7,32.2,30,19
1978,8,8,27.5,29.5,19.5
1978,8,9,10.4,28,19.5
1978,8,10,3.5,29.5,18.5
1978,8,11,2.3,30,19.5
1978,8,12,4.6,29.5,20.5
1978,8,13,13.1,28,19.5
1978,8,14,0,27.5,19
1978,8,15,0.8,28.5,18.8
1978,8,16,15.8,28.5,19.5
1978,8,17,8.6,29,18.7
1978,8,18,9.3,28,20.4
1978,8,19,13,28,18.5
1978,8,20,0,29,18.5
1978,8,21,17.3,30,18
1978,8,22,23.2,28.5,19
1978,8,23,17.5,29,19
1978,8,24,12.7,29.5,19.5
1978,8,25,55.8,30,19.5
1978,8,26,40.7,31,19
1978,8,27,32.4,29,19
1978,8,28,0,29.5,20
1978,8,29,2,31,19.5
1978,8,30,23.4,29.5,20
1978,8,31,5,26.5,19
1978,9,1,15.3,28.5,18
1978,9,2,31.1,26.5,18.5
1978,9,3,18.3,28,19
1978,9,4,15.4,29,18.5
1978,9,5,41.2,28,19.5
1978,9,6,36.8,27.5,18.5
1978,9,7,7.5,29,19
1978,9,8,34.4,29,20
1978,9,9,0.5,29.5,19
1978,9,10,0,30.5,19
1978,9,11,0,31.5,19
1978,9,12,0.1,32,18
1978,9,13,5.5,31.5,18.5
1978,9,14,5.5,30.5,16.5
1978,9,15,2.7,29.5,17
1978,9,16,2.7,29,18
1978,9,17,0.1,29.5,17
1978,9,18,14.7,29,17
1978,9,19,70.8,22,19.5
1978,9,20,0,28,19
1978,9,21,4.6,27,20
1978,9,22,1.4,26.5,20
1978,9,23,2.7,29.5,20
1978,9,24,23.2,29.5,19
1978,9,25,6.5,29,18.5
1978,9,26,0.8,30,19.5
1978,9,27,19.1,29.5,20
1978,9,28,29.6,29.5,20
1978,9,29,9,29,20
1978,9,30,1,29.5,19
1978,10,1,0,29.5,19.5
1978,10,2,8.7,29.5,19
1978,10,3,2.6,29,18.5
1978,10,4,10.8,29,19
1978,10,5,2.6,29.5,19
1978,10,6,21.9,29.5,20.5
1978,10,7,1,28.5,19
1978,10,8,9.4,29,18.5
1978,10,9,14.3,29.6,19
1978,10,10,1.3,28.7,19.5
1978,10,11,7.8,28.7,19.5
1978,10,12,17,27,20
1978,10,13,53.6,29,18.5
1978,10,14,6.5,28,19
1978,10,15,0.7,27.5,19
1978,10,16,1.9,25,19
1978,10,17,0,23.5,18
1978,10,18,2.9,20.5,17
1978,10,19,0.8,21,17
1978,10,20,0,25,17
1978,10,21,0,26.5,15
1978,10,22,0,26.5,10
1978,10,23,4,28,13.5
1978,10,24,0,28,17
1978,10,25,0,27,14
1978,10,26,0,29,15.5
1978,10,27,1.4,27,18
1978,10,28,0,26.5,18.5
1978,10,29,0,27,17.5
1978,10,30,0.5,28.5,16.5
1978,10,31,1.1,26,17.5
1978,11,1,1.8,25.5,18
1978,11,2,3.5,26.5,18.5
1978,11,3,1.9,27,18
1978,11,4,0,21,16
1978,11,5,0,27,17
1978,11,6,0,28,18
1978,11,7,7.7,30.5,17
1978,11,8,1.3,23.5,18
1978,11,9,0,25.5,18
1978,11,10,0,27.5,16
1978,11,11,6.7,26,16
1978,11,12,1.1,28,18
1978,11,13,0.4,27,17.5
1978,11,14,0,27,18.5
1978,11,15,0,27,15
1978,11,16,0,28,15
1978,11,17,1,26.5,16
1978,11,18,2.3,27.5,17
1978,11,19,1.7,26.5,17.5
1978,11,20,8.3,25,15
1978,11,21,0,28,17
1978,11,22,2.4,26,15
1978,11,23,48.4,26,16
1978,11,24,9.4,26.5,19.5
1978,11,25,7.6,25,20
1978,11,26,0,26,19.5
1978,11,27,0,29,16.5
1978,11,28,0,29,15
1978,11,29,0,28,16.5
1978,11,30,0,28,18
1978,12,1,2.1,28,16.5
1978,12,2,0,27,17.5
1978,12,3,0,27,16
1978,12,4,2.5,29.5,13.5
1978,12,5,0,28,15.5
1978,12,6,0.1,29.1,13
1978,12,7,0.1,28.5,15
1978,12,8,0.1,28.7,16.5
1978,12,9,36.2,28.5,17
1978,12,10,1.7,20,16.5
1978,12,11,4.5,19.5,16.5
1978,12,12,3.3,19.5,17
1978,12,13,0.2,20,17
1978,12,14,0,22,16
1978,12,15,0,24,11.5
1978,12,16,0.5,25.5,12.5
1978,12,17,21.2,25,15.5
1978,12,18,0,26,16
1978,12,19,0,26,13
1978,12,20,0,27.5,14
1978,12,21,0,30.5,14
1978,12,22,0,27,13.5
1978,12,23,0,24.5,14.5
1978,12,24,0,30,14.5
1978,12,25,0,26.5,13
1978,12,26,0,27,14.5
1978,12,27,1.9,29,12.5
1978,12,28,0,25.5,13
1978,12,29,0,26.5,16
1978,12,30,1,27,13.5
1978,12,31,0,27.5,14.5
1979,1,1,0,27,9.5
1979,1,2,8.4,26,11
1979,1,3,6.8,16,13
1979,1,4,4.4,16,12
1979,1,5,0,24.5,13
1979,1,6,0.1,25.5,12
1979,1,7,0,28,8
1979,1,8,7.3,28,9
1979,1,9,0,18,10
1979,1,10,0,21.5,14.5
1979,1,11,0,28,12
1979,1,12,0,21.5,13
1979,1,13,0,27.5,13
1979,1,14,1.9,26,11.5
1979,1,15,1.8,23,12
1979,1,16,2,23,16
1979,1,17,2.3,23.5,17.5
1979,1,18,0.1,24.5,15.5
1979,1,19,0,26,10.5
1979,1,20,0,29,12
1979,1,21,0,20,9
1979,1,22,0,23,11.5
1979,1,23,0,30.5,13
1979,1,24,0,23,13
1979,1,25,0,23.5,15
1979,1,26,0,31,16
1979,1,27,0,32,11
1979,1,28,0.3,26.5,12
1979,1,29,0,27,17
1979,1,30,0,30,14
1979,1,31,0.6,29.5,16
1979,2,1,0,24,16.5
1979,2,2,0,27,17.5
1979,2,3,0,27,18.5
1979,2,4,0,27,15.5
1979,2,5,0,28,14.5
1979,2,6,0,30,12.5
1979,2,7,3.8,29,10.5
1979,2,8,0,21,11.5
1979,2,9,4.8,17.5,16.5
1979,2,10,0,22,12.5
1979,2,11,1.6,22,12
1979,2,12,0,19.5,14
1979,2,13,0,24,12.5
1979,2,14,0,26,12.5
1979,2,15,0,29,13.5
1979,2,16,0,31,12.5
1979,2,17,4,30,13.5
1979,2,18,7,28,13
1979,2,19,4.7,26.5,15
1979,2,20,1.1,22,16.5
1979,2,21,0.3,21.5,16
1979,2,22,0,27.5,17
1979,2,23,0,31,14.5
1979,2,24,0,33,14
1979,2,25,3.5,30,16
1979,2,26,0,20,14
1979,2,27,0,25,14.5
1979,2,28,0,32,13.5
1979,3,1,0,31,14
1979,3,2,0,30,15.5
1979,3,3,0,33,15
1979,3,4,0,31.5,15.5
1979,3,5,0.2,26,17.5
1979,3,6,19.5,28.5,16
1979,3,7,1.5,23,17
1979,3,8,0,22,15
1979,3,9,0,27.5,14.5
1979,3,10,0,30,14.5
1979,3,11,15.1,28,16
1979,3,12,0,26,17.5
1979,3,13,0.2,28,14
1979,3,14,0,27.5,16
1979,3,15,0,27,14.5
1979,3,16,0,25,14.5
1979,3,17,0,22,11
1979,3,18,0,28,12
1979,3,19,0,29,14
1979,3,20,0,31.5,18
1979,3,21,15.6,32,16
1979,3,22,0,33.5,17
1979,3,23,0,35,16
1979,3,24,0,27,17.5
1979,3,25,1.8,27.5,19.5
1979,3,26,0,26,17
1979,3,27,4.7,29,18
1979,3,28,7.5,29,20
1979,3,29,0,27.5,19.5
1979,3,30,0,28,17
1979,3,31,0,28.5,20
1979,4,1,0,30.5,17
1979,4,2,0,33,16
1979,4,3,0,34,17
1979,4,4,9.6,33,18
1979,4,5,11.9,30,18
1979,4,6,0,30,19
1979,4,7,0,29,15
1979,4,8,0,29,13
1979,4,9,0,31.5,13
1979,4,10,0,34,15.5
1979,4,11,0,36.5,16
1979,4,12,0,35.5,15
1979,4,13,18.5,35.5,16.5
1979,4,14,0,31.5,19.5
1979,4,15,0,31,17.5
1979,4,16,2.5,29.2,19
1979,4,17,12.7,28.7,18
1979,4,18,2.3,30.4,16.5
1979,4,19,0,30.8,18
1979,4,20,0,28.9,17.5
1979,4,21,0,30.5,16.5
1979,4,22,0,29,19
1979,4,23,0.2,29,17.5
1979,4,24,18.3,28,18
1979,4,25,2.5,31,16
1979,4,26,0,33,17
1979,4,27,0,33.5,18
1979,4,28,0,33.5,17
1979,4,29,0,33,17
1979,4,30,0,35,14.5
1979,5,1,0,33.5,18
1979,5,2,0,34,17
1979,5,3,0,34,17
1979,5,4,5.8,34.5,18
1979,5,5,10.2,32,17
1979,5,6,0.5,29.5,19.5
1979,5,7,1.6,31,19.5
1979,5,8,14.6,33,18
1979,5,9,0,32.6,17
1979,5,10,0,33.5,19.5
1979,5,11,10.8,31.7,19
1979,5,12,0.7,31,18.5
1979,5,13,0.2,26.5,19.5
1979,5,14,2,39,18.5
1979,5,15,12.5,29,18
1979,5,16,0.5,28.5,19.5
1979,5,17,0,27.5,17.5
1979,5,18,0,28.5,15.5
1979,5,19,0,29,18
1979,5,20,0,30.5,16.5
1979,5,21,0,31,16
1979,5,22,0,33,16
1979,5,23,22.2,34,18.5
1979,5,24,6.2,29.5,20
1979,5,25,15.3,28.5,20
1979,5,26,13.5,28,19
1979,5,27,0,29,19
1979,5,28,0,31,19
1979,5,29,4.6,31,19.5
1979,5,30,20.5,31,18
1979,5,31,11,30.5,19.5
1979,6,1,3.2,29.5,19
1979,6,2,23.7,28.5,21
1979,6,3,40.5,29.5,20
1979,6,4,0,30.5,20
1979,6,5,0,31,19
1979,6,6,18.4,31.5,19
1979,6,7,29.2,31,18.5
1979,6,8,2.7,29,20.5
1979,6,9,47,28.5,21
1979,6,10,6.5,28.5,20.5
1979,6,11,14.5,26,17.5
1979,6,12,16.8,25.5,19.5
1979,6,13,0,28,19
1979,6,14,8.2,26.5,20
1979,6,15,5,29,19
1979,6,16,1.1,29,20.5
1979,6,17,0,29.5,20
1979,6,18,0.3,28,18.5
1979,6,19,9.5,28.5,19.5
1979,6,20,13.6,29,19.5
1979,6,21,9.5,29,19.5
1979,6,22,25.6,28,19
1979,6,23,16.6,27.5,19.5
1979,6,24,20.1,26,19.5
1979,6,25,6,27,19
1979,6,26,7.7,27,20.5
1979,6,27,2,28.5,20
1979,6,28,7.8,28,19.5
1979,6,29,15.6,29.5,19.5
1979,6,30,20,31,19.5
1979,7,1,8.9,29,20
1979,7,2,40.2,29,19.5
1979,7,3,11,29,20.5
1979,7,4,3.9,30,19.5
1979,7,5,20,29.5,20.5
1979,7,6,18.8,27.5,20.5
1979,7,7,11.1,28.5,19.5
1979,7,8,0,28.5,20
1979,7,9,0,30,19.5
1979,7,10,4.6,32.5,18
1979,7,11,37.6,31,18.5
1979,7,12,0,29.5,18.5
1979,7,13,0,29.5,19
1979,7,14,0,29.5,18
1979,7,15,7.7,29,17.5
1979,7,16,0,29,18.5
1979,7,17,0.4,28.5,18.5
1979,7,18,25.7,29.5,19
1979,7,19,9.6,29.5,19
1979,7,20,7,28,20
1979,7,21,8.2,29.5,19
1979,7,22,15.6,30,18.5
1979,7,23,12.3,29.5,18.5
1979,7,24,9,30,18.5
1979,7,25,0,30,17
1979,7,26,21.2,30,18.5
1979,7,27,1.7,29,19
1979,7,28,0,29,18
1979,7,29,41.4,29.5,19.5
1979,7,30,0.6,29,19
1979,7,31,3.5,28.5,18.5
1979,8,1,17.6,29.5,16.5
1979,8,2,16.2,27,18.5
1979,8,3,0.3,28,20
1979,8,4,29.8,28,19
1979,8,5,8.5,28,20
1979,8,6,0.9,29,19
1979,8,7,24.5,28.5,18
1979,8,8,5.2,27,19
1979,8,9,6.4,27,20
1979,8,10,7.8,28,19.5
1979,8,11,1.6,27,18.5
1979,8,12,13.2,29,18
1979,8,13,26.1,28,20
1979,8,14,24.4,27,19
1979,8,15,0,28,19.5
1979,8,16,25,27,18
1979,8,17,2.4,28,19
1979,8,18,4.5,28,19
1979,8,19,30.5,26,20
1979,8,20,23.6,28.5,20
1979,8,21,10.5,28,19
1979,8,22,14.5,26,20
1979,8,23,31,28,20
1979,8,24,19.6,27.5,19.5
1979,8,25,2.1,26,20
1979,8,26,2.2,29.5,19
1979,8,27,0,31,20.5
1979,8,28,2.1,31.5,18.5
1979,8,29,18.2,31.5,19
1979,8,30,3.3,28.5,19
1979,8,31,4.5,28.5,19
1979,9,1,0,29.5,18
1979,9,2,22.7,30,19.5
1979,9,3,10,29.5,20
1979,9,4,1.5,29,20
1979,9,5,10.7,30.5,21
1979,9,6,3.1,29.5,20
1979,9,7,15.2,29.5,20.5
1979,9,8,23.9,30.5,18.5
1979,9,9,82.8,29.5,19.5
1979,9,10,90.5,29,19
1979,9,11,0,29.5,19.5
1979,9,12,24.7,30,20
1979,9,13,20.3,27,21
1979,9,14,7.6,21.1,20.5
1979,9,15,0.5,26.5,19
1979,9,16,34.7,29.5,19.3
1979,9,17,8.2,25.5,19.5
1979,9,18,3.6,29.5,20
1979,9,19,30,29.5,18.2
1979,9,20,13.5,27,17.8
1979,9,21,76.2,29,19.1
1979,9,22,11,26,20.4
1979,9,23,5.2,25,18
1979,9,24,5.8,28.5,19
1979,9,25,12.8,24.5,19
1979,9,26,0,25.5,16
1979,9,27,1.2,27,17
1979,9,28,0,27,19
1979,9,29,27.6,29.5,19.5
1979,9,30,3.7,26.5,19.5
1979,10,1,2.7,25.5,19.5
1979,10,2,0,24,19
1979,10,3,29.8,26,19
1979,10,4,16.8,27.5,19.5
1979,10,5,15.7,23.5,20
1979,10,6,1.6,26.5,18
1979,10,7,6.6,27.5,18.5
1979,10,8,0,26,19
1979,10,9,15.2,29,20
1979,10,10,1.6,28.5,20.5
1979,10,11,0.2,27.5,20
1979,10,12,0.8,29,18
1979,10,13,0,30.5,20
1979,10,14,0,29.5,18.5
1979,10,15,0,28,17.5
1979,10,16,0,30,15.5
1979,10,17,0,29,17.5
1979,10,18,0,25,18
1979,10,19,0,28.5,18.5
1979,10,20,0,29.5,19.5
1979,10,21,0.8,29.5,19.5
1979,10,22,0.5,29,19.5
1979,10,23,0.2,29,20
1979,10,24,0,28.5,18
1979,10,25,0,28.5,17
1979,10,26,0.3,26.5,17
1979,10,27,0,25.5,19.5
1979,10,28,0,28,16.5
1979,10,29,0,28,17.5
1979,10,30,0,30.5,19
1979,10,31,12.8,32.5,18
1979,11,1,0,29.5,20
1979,11,2,0,29,18
1979,11,3,0.3,25,17.5
1979,11,4,0.6,21.5,15
1979,11,5,0,24,17
1979,11,6,4.3,20,17
1979,11,7,0.2,23,17
1979,11,8,0.2,26,12.5
1979,11,9,0,29,12.5
1979,11,10,0,31,14
1979,11,11,0,30.5,14
1979,11,12,0,28,16
1979,11,13,7.1,24,18.5
1979,11,14,2.7,18,16
1979,11,15,0,19.5,14
1979,11,16,0,21,14.5
1979,11,17,4.6,19.5,15
1979,11,18,11.1,23.5,16
1979,11,19,0.1,27,17
1979,11,20,0,27,16
1979,11,21,2.1,27.5,18
1979,11,22,0.5,27.5,19.5
1979,11,23,0,26.5,17.5
1979,11,24,0,26,13
1979,11,25,0.1,29,14.5
1979,11,26,0,27,16
1979,11,27,0,27,15.5
1979,11,28,0,29,14
1979,11,29,6.7,21.5,17
1979,11,30,2.1,18,15.5
1979,12,1,21,18.5,15
1979,12,2,20.7,19.5,15.5
1979,12,3,20.8,20,17
1979,12,4,6,21,18
1979,12,5,0,23.5,17
1979,12,6,0,29,17
1979,12,7,0,28.5,17.5
1979,12,8,11.3,24,17.5
1979,12,9,27.5,22.5,18
1979,12,10,5.5,24,18
1979,12,11,0,26.5,17.5
1979,12,12,0,26,17.5
1979,12,13,0.5,25,17.5
1979,12,14,8.5,26.5,18
1979,12,15,0.5,24.5,18
1979,12,16,0,25.5,15
1979,12,17,2.4,23,15.5
1979,12,18,0.5,22.5,15.5
1979,12,19,0,20,16
1979,12,20,0,22.5,15
1979,12,21,0,23,11.5
1979,12,22,0,27,9.5
1979,12,23,0,27.5,10.5
1979,12,24,4.5,27,14.5
1979,12,25,1.3,18.5,15.5
1979,12,26,0,20.5,15
1979,12,27,0,23.5,14.5
1979,12,28,0,24.5,13.5
1979,12,29,0.4,26,10.5
1979,12,30,0,23.5,12.5
1979,12,31,1,26.5,15.5
1980,1,1,0,20,16.5
1980,1,2,0,22,12.5
1980,1,3,0,27,15
1980,1,4,0,22,15.5
1980,1,5,0.4,22.5,15.5
1980,1,6,0,19.5,15
1980,1,7,0,26,11.5
1980,1,8,0,28.5,10.5
1980,1,9,0.8,28,10.5
1980,1,10,0,27.5,12.5
1980,1,11,0,30.5,16
1980,1,12,0,30,16
1980,1,13,0,27.5,16.5
1980,1,14,0,26.5,14
1980,1,15,0,28,13
1980,1,16,0,28,14
1980,1,17,34,28.5,15.3
1980,1,18,0.5,27,16
1980,1,19,0.1,25.5,15
1980,1,20,6.8,22.5,15.5
1980,1,21,0,25.5,15.5
1980,1,22,0,29,13
1980,1,23,2.1,29,13.5
1980,1,24,0,20,15.5
1980,1,25,0,24,12
1980,1,26,0,29,14
1980,1,27,7.5,30,15.5
1980,1,28,0,26.5,17
1980,1,29,1,27.5,15.5
1980,1,30,0,27,16
1980,1,31,0.4,27.5,13
1980,2,1,21,19,13.5
1980,2,2,2.1,18.5,16
1980,2,3,2.6,22,15
1980,2,4,0,22,14
1980,2,5,0,23,14.5
1980,2,6,4,23,12
1980,2,7,0,22.5,13
1980,2,8,0,26,11.5
1980,2,9,0,29.5,11.5
1980,2,10,1.6,25.5,12.5
1980,2,11,0,22.5,14
1980,2,12,0.4,26,16.5
1980,2,13,1.6,24.5,17.5
1980,2,14,0,27.5,15.5
1980,2,15,0,28,16
1980,2,16,0,29,11
1980,2,17,0,25.5,12
1980,2,18,7.2,27.5,16
1980,2,19,0,26,17.5
1980,2,20,0,30.5,18
1980,2,21,0,30.5,12
1980,2,22,0,31.5,13
1980,2,23,0,30,14
1980,2,24,0,29,14.3
1980,2,25,11.5,30,14
1980,2,26,6.4,26,15
1980,2,27,1.2,20.5,17
1980,2,28,0,24,16.5
1980,2,29,0,28,15.5
1980,3,1,27.6,31.5,13.5
1980,3,2,0.8,21,15
1980,3,3,0,19.5,14
1980,3,4,0,26,13
1980,3,5,0,31.5,12
1980,3,6,0.3,29.5,12.5
1980,3,7,0,28.5,14
1980,3,8,0,28.5,14.5
1980,3,9,0,28,16
1980,3,10,0,28,13.5
1980,3,11,0,29,13
1980,3,12,0,31,15
1980,3,13,0,34,15
1980,3,14,6.1,29.5,17
1980,3,15,3.4,27.5,18.5
1980,3,16,0,27.5,17.5
1980,3,17,0,29,15
1980,3,18,8.7,30,15
1980,3,19,0,28,16.5
1980,3,20,0,29.5,17.5
1980,3,21,0,30,14.5
1980,3,22,0,29.5,16
1980,3,23,0,30,14
1980,3,24,0,33.5,14
1980,3,25,0,31,16
1980,3,26,0,32,18
1980,3,27,0,30.5,17
1980,3,28,0,33.5,15.7
1980,3,29,0,33.5,17
1980,3,30,0,34,17.7
1980,3,31,0,31.5,18.5
1980,4,1,0,34.5,16
1980,4,2,0,33.5,18
1980,4,3,1.4,34,17.5
1980,4,4,12.4,32.5,16.5
1980,4,5,0,31,19.5
1980,4,6,0,31,15.5
1980,4,7,0,32,13
1980,4,8,2,33,16
1980,4,9,0,29,17.5
1980,4,10,0,28,19
1980,4,11,65.3,30.5,17.5
1980,4,12,0,32.5,15.5
1980,4,13,0,33.5,16
1980,4,14,0,23,18
1980,4,15,0,21,16.5
1980,4,16,0.3,25.5,16
1980,4,17,0.3,23.5,18
1980,4,18,0.2,21.5,19
1980,4,19,0.4,22.5,18
1980,4,20,0,22.5,17
1980,4,21,0,20.5,16.5
1980,4,22,0,24,15.5
1980,4,23,0,27,11.5
1980,4,24,0,32,13
1980,4,25,0,36,15
1980,4,26,47,35,14.5
1980,4,27,0,29,18
1980,4,28,0,26,20
1980,4,29,0,23.5,19
1980,4,30,0,32.5,17
1980,5,1,6.5,34.5,18
1980,5,2,24.1,31,17.5
1980,5,3,0,31,19
1980,5,4,13,30,19.5
1980,5,5,0,31,18.5
1980,5,6,0.3,30,17
1980,5,7,0.4,32,18.5
1980,5,8,0,32.5,18
1980,5,9,2.3,33.5,20
1980,5,10,0,32,20.5
1980,5,11,0,33,18
1980,5,12,0,32.5,16
1980,5,13,0,31.5,18
1980,5,14,0,31,17
1980,5,15,0,33.5,20.5
1980,5,16,0,34.5,19
1980,5,17,10.3,35,20.5
1980,5,18,0,32,20.5
1980,5,19,0,32.5,19
1980,5,20,0,31.5,20.5
1980,5,21,0,31,19.5
1980,5,22,0.7,32.5,19
1980,5,23,0,32.5,20
1980,5,24,0,34,17.5
1980,5,25,35.7,34.5,18.5
1980,5,26,0,32.5,18
1980,5,27,3.7,32.5,19.5
1980,5,28,0,32,19
1980,5,29,0,31.5,18.5
1980,5,30,6.6,31.5,17
1980,5,31,48.2,30,19.5
1980,6,1,4.8,30,18
1980,6,2,18.6,31,17.5
1980,6,3,28.5,31,21
1980,6,4,3.4,30,19.5
1980,6,5,4.4,30,20
1980,6,6,5.5,28.5,20.5
1980,6,7,5.5,29.5,19
1980,6,8,3.3,29,18.5
1980,6,9,9.9,28.5,18.5
1980,6,10,0.5,29,18.5
1980,6,11,0.2,29,20
1980,6,12,2.5,27.5,20
1980,6,13,27.9,25.5,20
1980,6,14,54.7,26.5,19.5
1980,6,15,43.5,26.5,20.5
1980,6,16,2.4,26.5,20
1980,6,17,8.6,30,18
1980,6,18,31.9,29,20
1980,6,19,10.8,30,17.6
1980,6,20,2.5,30,18.7
1980,6,21,19.5,30.5,18.5
1980,6,22,12,29,20.5
1980,6,23,16.5,29,20
1980,6,24,10.8,29.5,20
1980,6,25,11.2,27.5,19.5
1980,6,26,0,27.5,20
1980,6,27,21.4,29.5,19.5
1980,6,28,1.5,28.5,20
1980,6,29,4.7,29,19.5
1980,6,30,7,30,20
1980,7,1,0,31,18.5
1980,7,2,1.5,30,17.5
1980,7,3,0,28,18
1980,7,4,0.3,29,18
1980,7,5,4.5,29.3,19
1980,7,6,31.3,28.5,18.5
1980,7,7,28.3,28.5,19.5
1980,7,8,20.1,29.5,18.5
1980,7,9,18,28,19.5
1980,7,10,0,29,19.5
1980,7,11,2.9,30.5,17.5
1980,7,12,0.9,30,19
1980,7,13,13.2,29,19.5
1980,7,14,9.6,28,19
1980,7,15,0.1,26.5,19.5
1980,7,16,7,28.5,18.5
1980,7,17,1,29,18
1980,7,18,4.4,31,18
1980,7,19,3.3,28.5,20
1980,7,20,7.2,29,17.5
1980,7,21,7.2,30.5,19
1980,7,22,18.1,29,19.5
1980,7,23,14.9,30,20
1980,7,24,10.8,29.5,21
1980,7,25,21.5,30.5,19.5
1980,7,26,14.9,29,18.5
1980,7,27,10.4,29.5,19
1980,7,28,4.8,28.5,20
1980,7,29,1.5,29,17.4
1980,7,30,27.3,28.5,16.9
1980,7,31,10.3,27.5,16.1
1980,8,1,17.6,27,19
1980,8,2,2,27,19.5
1980,8,3,12.8,27.5,18.5
1980,8,4,7,29,19
1980,8,5,3.8,28,19
1980,8,6,0,30,20
1980,8,7,0,31.5,18
1980,8,8,20,29.5,18.5
1980,8,9,0.4,30,19.5
1980,8,10,13.8,29.5,19.5
1980,8,11,1.7,29,19
1980,8,12,18.5,29.5,20
1980,8,13,4.7,30.5,20
1980,8,14,0.9,29.5,18.5
1980,8,15,39.1,30.5,20
1980,8,16,3.8,29.5,18.5
1980,8,17,0,29,18
1980,8,18,2.7,29,19
1980,8,19,4.8,28.5,18.5
1980,8,20,0.2,30,17
1980,8,21,6,30.5,18
1980,8,22,26,30.5,19.5
1980,8,23,6.3,30,18.5
1980,8,24,5.2,30,20
1980,8,25,10.6,29,19
1980,8,26,9.1,29,19
1980,8,27,11.3,29.5,19.5
1980,8,28,9.1,28,20
1980,8,29,8.4,29,20
1980,8,30,5,28,19.5
1980,8,31,1.7,27,19
1980,9,1,17.8,30,19.5
1980,9,2,1.2,29.5,20
1980,9,3,3.9,30,19
1980,9,4,23.2,29,20
1980,9,5,3,29.5,20
1980,9,6,2.3,29.5,20
1980,9,7,3.9,29.5,20.5
1980,9,8,0,30,19.5
1980,9,9,12.7,29,19.5
1980,9,10,28,29,20
1980,9,11,17.1,30,19
1980,9,12,33.8,28.5,20.5
1980,9,13,13,28.5,20.5
1980,9,14,8,29.5,19
1980,9,15,4.7,30,18
1980,9,16,0.2,26.5,20.5
1980,9,17,8.2,27,21
1980,9,18,13.1,29,19.5
1980,9,19,16,26.5,20
1980,9,20,14.7,29,20.5
1980,9,21,3,30,18.5
1980,9,22,0.4,27.5,19
1980,9,23,0.8,24,19
1980,9,24,3,25,20
1980,9,25,0.3,23,20
1980,9,26,42.2,30,19
1980,9,27,0.2,25,19.5
1980,9,28,0.1,28,19
1980,9,29,0,29.5,19
1980,9,30,9,30,19
1980,10,1,7.6,29.5,19.5
1980,10,2,11.8,29,20
1980,10,3,4.8,28.5,19
1980,10,4,26.9,26.5,19
1980,10,5,14,28,19.5
1980,10,6,2.4,23,19.5
1980,10,7,1,23,16
1980,10,8,0,26,15
1980,10,9,1,27,16
1980,10,10,35.4,27,18
1980,10,11,0,26,19.5
1980,10,12,0,22.5,17
1980,10,13,0,24,18.5
1980,10,14,0,27,17
1980,10,15,0.1,29,18
1980,10,16,0.6,29.5,19
1980,10,17,0,28.5,20
1980,10,18,0,30,18.5
1980,10,19,0,30.5,16.5
1980,10,20,0,29,17.5
1980,10,21,1.5,28.5,18.5
1980,10,22,4.4,27.5,18.5
1980,10,23,9.9,28,18.5
1980,10,24,8.3,27.5,20
1980,10,25,9.4,28,20.5
1980,10,26,2.2,25,19.5
1980,10,27,0,28,18
1980,10,28,0,30,17
1980,10,29,26.2,31,17.5
1980,10,30,0.2,25.5,19.5
1980,10,31,0.2,27.5,16
1980,11,1,0,23.5,18
1980,11,2,0,27,17
1980,11,3,19,27,17
1980,11,4,25.9,27,18.5
1980,11,5,3.6,26,18
1980,11,6,0.9,24.5,17.5
1980,11,7,0.1,25.5,17.5
1980,11,8,0,26,17.5
1980,11,9,0,27,17
1980,11,10,0,28,19
1980,11,11,0,28,17.5
1980,11,12,0.2,27.5,13.5
1980,11,13,0,25,16
1980,11,14,0,28,16
1980,11,15,0,30,12.5
1980,11,16,0,27,14
1980,11,17,1,29.5,15.5
1980,11,18,2.5,24.5,16.5
1980,11,19,20,21.5,17.5
1980,11,20,13.9,22.5,18
1980,11,21,41,20,18
1980,11,22,3.1,24.5,18.5
1980,11,23,0,27,17.5
1980,11,24,6.8,28,18
1980,11,25,0,26,18.5
1980,11,26,0.6,29.5,16
1980,11,27,0,21,16
1980,11,28,0,19,17
1980,11,29,0,19.5,14.5
1980,11,30,0,22.5,14.5
1980,12,1,0,25.5,15
1980,12,2,6,26,16.5
1980,12,3,10.3,24.5,15.5
1980,12,4,3.9,21.5,18
1980,12,5,11.6,24.5,18
1980,12,6,8.3,25,18.5
1980,12,7,8.5,23,19
1980,12,8,0,25.5,16.5
1980,12,9,0,25,14
1980,12,10,3.3,26,13.5
1980,12,11,8.2,19,15.5
1980,12,12,4.8,19,16
1980,12,13,0.6,21.5,16.5
1980,12,14,0,22,17.5
1980,12,15,0,23.5,13.5
1980,12,16,0,24.5,14
1980,12,17,0,24.5,13
1980,12,18,0,23,7.5
1980,12,19,0.5,22.5,7
1980,12,20,0.4,18,8.5
1980,12,21,0.5,23,14
1980,12,22,0,23.5,15
1980,12,23,0,24,12.5
1980,12,24,8,24,14
1980,12,25,1.4,19,16.5
1980,12,26,0.5,22.5,16
1980,12,27,0,24,17
1980,12,28,0,24,9
1980,12,29,0,24.5,9.5
1980,12,30,0,22,11.5
1980,12,31,0,23,7.5
1981,1,1,0,23.5,8
1981,1,2,0.6,23,10.5
1981,1,3,0,22,13
1981,1,4,0,20,14
1981,1,5,0,20,15
1981,1,6,0,23.5,14.5
1981,1,7,1.3,26,10.5
1981,1,8,0,22.5,12
1981,1,9,0.4,25.5,13.5
1981,1,10,9.5,25.5,14.5
1981,1,11,5.1,20.5,14
1981,1,12,0,22.5,15.5
1981,1,13,0,23,13.5
1981,1,14,0,24,10
1981,1,15,0,23.5,11
1981,1,16,2.7,22,13
1981,1,17,8.3,20,14
1981,1,18,2.4,20.5,15.5
1981,1,19,0,22.5,15
1981,1,20,0,26.5,12
1981,1,21,0,22.5,12.5
1981,1,22,0,24,16.5
1981,1,23,0.1,25,16
1981,1,24,0.6,19.5,15.5
1981,1,25,0,21,14
1981,1,26,0,26.5,14.5
1981,1,27,0,30,10.5
1981,1,28,0,27,10.5
1981,1,29,0,24.5,12
1981,1,30,0,26,12
1981,1,31,0,26,10
1981,2,1,0,28,8
1981,2,2,0,27,10
1981,2,3,0.4,18,12.5
1981,2,4,0,21,13.5
1981,2,5,0,20,15
1981,2,6,10.9,24,16.5
1981,2,7,0.1,25,17.5
1981,2,8,0,32,13.5
1981,2,9,0,29,14
1981,2,10,0,29.5,13.5
1981,2,11,10.8,30,15
1981,2,12,24.2,20,16
1981,2,13,19.3,23.5,16.5
1981,2,14,6.7,23,16.5
1981,2,15,1.6,22.5,15
1981,2,16,0,25.5,16.5
1981,2,17,0,26,17.5
1981,2,18,0,26,17.5
1981,2,19,11.4,24.5,16
1981,2,20,8.7,25,18
1981,2,21,0,25.5,17.5
1981,2,22,3.5,29,15.5
1981,2,23,0,25,16
1981,2,24,0.6,23.5,13.5
1981,2,25,0,26,15
1981,2,26,0,26,12
1981,2,27,0,27,9.5
1981,2,28,0,26,11.5
1981,3,1,0,25.5,14.5
1981,3,2,0,29,11.5
1981,3,3,0,28,13
1981,3,4,0,32.5,16
1981,3,5,7.8,32.5,15.5
1981,3,6,0,29,16.5
1981,3,7,0,32,17.5
1981,3,8,6.9,29,18.5
1981,3,9,34.4,27,20
1981,3,10,5.6,28,19
1981,3,11,0,27.5,19
1981,3,12,0,27.5,16.5
1981,3,13,1.2,31,15.5
1981,3,14,0,29.5,17
1981,3,15,0,29.5,17.5
1981,3,16,0,28.5,17
1981,3,17,0,23,18.5
1981,3,18,0,33.5,17.5
1981,3,19,0,29.5,14
1981,3,20,0,25.5,12
1981,3,21,0,32.5,12
1981,3,22,1,35.5,11.5
1981,3,23,0,27.5,17
1981,3,24,0,21,17
1981,3,25,0,26.5,14
1981,3,26,0,23,15
1981,3,27,0,27,15
1981,3,28,0,31,12.5
1981,3,29,0,32,13.5
1981,3,30,0,34,14.5
1981,3,31,0,33,17
1981,4,1,0.8,31.5,15.5
1981,4,2,0,30,17
1981,4,3,0,30,16
1981,4,4,0,31,18.5
1981,4,5,9.6,31.5,18.5
1981,4,6,3.9,27.5,18
1981,4,7,0,27,16
1981,4,8,0,27,14
1981,4,9,3.4,25,16
1981,4,10,3.6,26,17
1981,4,11,7.8,23.5,18
1981,4,12,2.1,28,17
1981,4,13,6,28.5,17.5
1981,4,14,7.5,28,17.5
1981,4,15,0,26.5,18
1981,4,16,13.6,28,18
1981,4,17,3.5,26,16
1981,4,18,0,28,16.5
1981,4,19,0,29.5,14.5
1981,4,20,0,30.5,14.5
1981,4,21,0,30.5,15
1981,4,22,0,30.5,15
1981,4,23,0,31,15.5
1981,4,24,14.6,32,18
1981,4,25,27.9,31,20
1981,4,26,0,29,18.5
1981,4,27,0,30.5,18.5
1981,4,28,0,31.5,15
1981,4,29,0,30.5,14
1981,4,30,0,31,14
1981,5,1,0,30.5,15
1981,5,2,0,31,15.5
1981,5,3,0,31,16.5
1981,5,4,19,32.5,17
1981,5,5,7.2,32,18
1981,5,6,0,32,18
1981,5,7,0,31,17.5
1981,5,8,0,32.5,18.5
1981,5,9,0,32.5,17.5
1981,5,10,1,32.5,15.5
1981,5,11,0,28,19
1981,5,12,0,30.5,18
1981,5,13,0,31.5,14.5
1981,5,14,0,32,12.5
1981,5,15,0,32,13.5
1981,5,16,0,31,12.5
1981,5,17,0,33.5,14.5
1981,5,18,0,33.5,13
1981,5,19,0,34.5,19.5
1981,5,20,19,32,20.5
1981,5,21,0,30.5,19
1981,5,22,0,31,18.5
1981,5,23,0,32,17
1981,5,24,0,33.5,19
1981,5,25,0,33.5,18.5
1981,5,26,0,30,18.5
1981,5,27,0,32,17
1981,5,28,4.4,33.5,19.5
1981,5,29,16.9,32,20.5
1981,5,30,9.5,31,19.5
1981,5,31,1.9,31.5,19
1981,6,1,28.8,30,21
1981,6,2,0,29.5,20.5
1981,6,3,3.3,30.5,20.5
1981,6,4,6.6,30,19.5
1981,6,5,28.4,31,20
1981,6,6,13.2,30.5,19.5
1981,6,7,8.2,29.5,20.5
1981,6,8,24.3,29.5,21
1981,6,9,18,29.5,21.5
1981,6,10,15.5,28.5,21
1981,6,11,7.1,30.5,19.5
1981,6,12,35,32,19.5
1981,6,13,60.1,27,20.5
1981,6,14,23.5,28.5,19.5
1981,6,15,18.4,27.5,20.5
1981,6,16,4.2,25.5,20.5
1981,6,17,33.4,27,20.5
1981,6,18,22.2,29.5,20
1981,6,19,12,29.5,18.5
1981,6,20,10.9,30,18.5
1981,6,21,18.9,29.5,19.5
1981,6,22,3.4,30,20.5
1981,6,23,62.6,28.5,20
1981,6,24,22.2,28.5,20
1981,6,25,8.7,28,19
1981,6,26,33.9,29,20
1981,6,27,7,27.5,19.5
1981,6,28,35.8,28.5,19
1981,6,29,7.6,28,20
1981,6,30,1.8,29.5,19
1981,7,1,25.3,30.5,17.5
1981,7,2,31.1,29.5,20
1981,7,3,12.4,28.5,19.5
1981,7,4,2.1,29,20
1981,7,5,0.2,29,20
1981,7,6,3.4,30.5,18.5
1981,7,7,0.2,27.5,20.5
1981,7,8,1,29.5,20.5
1981,7,9,17,28,20
1981,7,10,9.9,28.5,18.5
1981,7,11,6,29,19
1981,7,12,28.4,26.5,18
1981,7,13,62.6,25.5,19.5
1981,7,14,7.3,27.5,20
1981,7,15,3.4,29.5,19
1981,7,16,0,29,17
1981,7,17,0.7,29,18.5
1981,7,18,1,31,19.5
1981,7,19,10.8,29.5,19.5
1981,7,20,0,28.5,18.5
1981,7,21,55.7,29,19.5
1981,7,22,2,30,18
1981,7,23,3.6,30,18.5
1981,7,24,4.5,29.5,19
1981,7,25,0.4,27,20.5
1981,7,26,7.7,29.5,18.5
1981,7,27,17.4,27,19.5
1981,7,28,1.3,29.5,20
1981,7,29,6.4,29,19.5
1981,7,30,3.2,27.5,18.5
1981,7,31,26.2,26.5,19.5
1981,8,1,13.5,27.5,18
1981,8,2,5.9,29,19
1981,8,3,6,28.5,20
1981,8,4,0,28.5,19.5
1981,8,5,0,29.5,18.5
1981,8,6,5.8,28,19
1981,8,7,9.4,28.5,19
1981,8,8,47,28,20
1981,8,9,12.2,27,19.5
1981,8,10,20.5,29.5,19
1981,8,11,3.9,30,19
1981,8,12,9.9,29,19.5
1981,8,13,55.9,28.5,20
1981,8,14,22.1,29.5,20
1981,8,15,2.3,29.5,20
1981,8,16,1.1,30,19.5
1981,8,17,73.4,31,19
1981,8,18,39.1,30,20
1981,8,19,29.3,30,20
1981,8,20,13,30.5,19.5
1981,8,21,18.3,30,19.5
1981,8,22,7.9,29.5,20
1981,8,23,11.6,27.5,20.5
1981,8,24,32.8,29,20
1981,8,25,19.1,30,20
1981,8,26,4.3,29,20.5
1981,8,27,19.2,30,20.5
1981,8,28,18.9,30.5,20.5
1981,8,29,20,30.5,19.5
1981,8,30,0,30.5,19.5
1981,8,31,0.7,31,18
1981,9,1,3,31,19.5
1981,9,2,12,29.5,18.5
1981,9,3,5.2,28.5,20
1981,9,4,0.4,29.5,20.5
1981,9,5,5.9,30,19.5
1981,9,6,9.2,30.5,18.5
1981,9,7,25.2,30,18
1981,9,8,11.9,29.5,18
1981,9,9,13.9,28.5,19
1981,9,10,18.8,29.5,19
1981,9,11,3.7,29.5,18.5
1981,9,12,31.8,29,20
1981,9,13,7.1,28,19.5
1981,9,14,0,29,18.5
1981,9,15,5.8,29.5,20
1981,9,16,57.6,25.5,20.5
1981,9,17,4.4,27.5,19.5
1981,9,18,1.4,28.5,20
1981,9,19,0,28,19.5
1981,9,20,3.5,27,20
1981,9,21,20.4,30.5,20.5
1981,9,22,8.9,29.5,18.5
1981,9,23,49.9,29.5,19.5
1981,9,24,14.2,29,18.5
1981,9,25,14.2,29,20
1981,9,26,9.4,28.5,19
1981,9,27,18.5,28.5,20.5
1981,9,28,17.8,29,19.5
1981,9,29,1,29,20
1981,9,30,8.2,30,19
1981,10,1,12.3,30.5,20.5
1981,10,2,14,28.5,20.5
1981,10,3,11.8,27.5,20
1981,10,4,9.2,28.5,20.5
1981,10,5,1,29,18.5
1981,10,6,1.6,29,19.5
1981,10,7,0.1,30,20.5
1981,10,8,0,29.5,19.5
1981,10,9,2.5,30,18.5
1981,10,10,4.3,30.5,19.5
1981,10,11,3.3,29.5,19.5
1981,10,12,1,28.5,20
1981,10,13,2.4,29,20.5
1981,10,14,0.9,29.5,18.5
1981,10,15,0.1,30,17.5
1981,10,16,1.9,26,19.5
1981,10,17,1.1,26,18
1981,10,18,22.7,28,16.5
1981,10,19,0.1,24.5,18.5
1981,10,20,0.2,27.5,15.5
1981,10,21,23.2,27,16.5
1981,10,22,46.7,26.5,18.5
1981,10,23,29.6,29,19.5
1981,10,24,0.4,27.5,19
1981,10,25,0,27.5,18.5
1981,10,26,11.6,29.5,17.5
1981,10,27,20.8,27.5,19.5
1981,10,28,10.8,26.5,20
1981,10,29,12.5,25.5,20.5
1981,10,30,0,27,19.5
1981,10,31,0.1,28.5,17.5
1981,11,1,0.5,28.5,19
1981,11,2,0,25.5,16
1981,11,3,0,28,17.5
1981,11,4,0,29,17.5
1981,11,5,0,29,13.5
1981,11,6,3.2,26.5,16
1981,11,7,0,27,14.5
1981,11,8,0,24.5,12.5
1981,11,9,0.4,27,15.5
1981,11,10,2.3,25.5,15.5
1981,11,11,0,22,17.5
1981,11,12,0,22,16
1981,11,13,0,23.5,13.5
1981,11,14,0,26,15.5
1981,11,15,0,24.6,16
1981,11,16,0,25.5,15
1981,11,17,0,24.5,14.5
1981,11,18,0,25.5,13
1981,11,19,0,25.5,13
1981,11,20,0,28.5,12.5
1981,11,21,0,21.5,14.5
1981,11,22,0,26,16
1981,11,23,0.4,27,13
1981,11,24,0,24,15.5
1981,11,25,0,25.5,16.5
1981,11,26,0.1,27.5,14.5
1981,11,27,0.1,28.5,13
1981,11,28,2.5,27.5,14.5
1981,11,29,0.1,26.5,16
1981,11,30,0,25.5,18.5
1981,12,1,0.3,30.5,16
1981,12,2,0,29.5,14.5
1981,12,3,8.4,27,16.5
1981,12,4,1.3,25,17.5
1981,12,5,0,25,18.5
1981,12,6,0,24,10
1981,12,7,0.1,24,11
1981,12,8,0,25.5,9.5
1981,12,9,0.6,25.5,11.5
1981,12,10,4.8,21.5,15.5
1981,12,11,0,20.5,16
1981,12,12,0,25,15.5
1981,12,13,0,26,17
1981,12,14,0,28.5,13
1981,12,15,0,25.5,15
1981,12,16,0,22.5,16.5
1981,12,17,0,27.5,14.5
1981,12,18,10.6,25.5,15
1981,12,19,2.2,20,17
1981,12,20,0,21.5,16.5
1981,12,21,0,23,15
1981,12,22,0,28,16.5
1981,12,23,0,29.5,15.5
1981,12,24,0,27.5,17
1981,12,25,2.7,28,17.5
1981,12,26,0.2,27,19
1981,12,27,0,29.5,14
1981,12,28,0,29.5,15.5
1981,12,29,2.4,30.5,14
1981,12,30,0,27.5,15.5
1981,12,31,0,28,15
1982,1,1,0,30.5,15.5
1982,1,2,0,28.5,16
1982,1,3,0,30.5,16
1982,1,4,0,30.5,12
1982,1,5,0,28.5,13
1982,1,6,0,27,13.5
1982,1,7,1.3,28.5,15
1982,1,8,5.4,28.5,18
1982,1,9,0,23.5,16
1982,1,10,0,25,14.5
1982,1,11,2.5,18,13.5
1982,1,12,0,26,15.5
1982,1,13,0.1,29,11.5
1982,1,14,0,19,9
1982,1,15,0,19.5,11.5
1982,1,16,0,28.5,13.5
1982,1,17,5.5,26.5,14
1982,1,18,2.9,24.5,15.5
1982,1,19,0,26,17.5
1982,1,20,0,27,10.5
1982,1,21,0.1,26.5,12.5
1982,1,22,0,27.5,11.5
1982,1,23,0,30,12.5
1982,1,24,0.7,28.5,15
1982,1,25,0,27.5,16
1982,1,26,0.8,28,13.5
1982,1,27,0,25.5,15.5
1982,1,28,2.4,29,15.5
1982,1,29,0,27.5,15.5
1982,1,30,0,27,16.5
1982,1,31,0.4,29.5,16.5
1982,2,1,0,25.5,15.5
1982,2,2,0,29,11
1982,2,3,0,30.5,12.5
1982,2,4,1.6,28.5,13.5
1982,2,5,3.5,27.5,15.5
1982,2,6,3.9,23.5,13.5
1982,2,7,0.9,24.5,14
1982,2,8,0,27.5,16.5
1982,2,9,0,29.5,13.5
1982,2,10,3,30,14.5
1982,2,11,0.4,28,17.5
1982,2,12,0,26.5,14.5
1982,2,13,0,29,15.5
1982,2,14,0,28.5,12.5
1982,2,15,0,30.5,10.5
1982,2,16,0,32.5,12
1982,2,17,0,31.5,13
1982,2,18,0,30,13
1982,2,19,0,31.5,13.5
1982,2,20,0,30,15.5
1982,2,21,3.1,31,14.5
1982,2,22,5.2,20.5,17.5
1982,2,23,0.1,22.5,17.5
1982,2,24,0,25,16
1982,2,25,0,24,16.5
1982,2,26,11.2,27.5,14
1982,2,27,0,26,15.5
1982,2,28,25.3,27.5,16
1982,3,1,2.9,25,17.5
1982,3,2,0,22.5,16
1982,3,3,0,27.5,16
1982,3,4,0,34,13
1982,3,5,0,34.5,9
1982,3,6,0,33.5,9.5
1982,3,7,0,27.5,12.5
1982,3,8,0,20.5,16
1982,3,9,0,24.5,15
1982,3,10,0.7,28,14.5
1982,3,11,0,28.5,17
1982,3,12,0,29.5,13
1982,3,13,0,30.5,14.5
1982,3,14,0,30,15
1982,3,15,0,33,13.5
1982,3,16,0,33,13.5
1982,3,17,0,32.5,15.5
1982,3,18,0,29.5,15.5
1982,3,19,0,29.5,13
1982,3,20,0,32.5,13.5
1982,3,21,0,34.5,14.5
1982,3,22,0,34,14.5
1982,3,23,0,32.5,16.5
1982,3,24,0,34.5,16.5
1982,3,25,20.8,35.5,17.5
1982,3,26,16.9,32,17.5
1982,3,27,0,31.5,16.5
1982,3,28,2.2,33.5,13.5
1982,3,29,0,31.5,15.5
1982,3,30,0,30.5,12.5
1982,3,31,0,30.5,13.5
1982,4,1,0,31.5,15.5
1982,4,2,0,32.5,12.5
1982,4,3,0,32.5,12.5
1982,4,4,0,20.1,15.5
1982,4,5,0,33.5,17.5
1982,4,6,0,35.5,16.5
1982,4,7,0,33.5,17.5
1982,4,8,0,34.5,12.5
1982,4,9,0,36.5,16.5
1982,4,10,0,34.5,18.5
1982,4,11,14.3,31.5,18.5
1982,4,12,0,30.5,19.5
1982,4,13,0,31.5,14.5
1982,4,14,0,32.5,13.5
1982,4,15,0,33,15
1982,4,16,0,33.5,17.5
1982,4,17,0,34.5,18
1982,4,18,0,31.5,18.5
1982,4,19,0,32,13.5
1982,4,20,0,32.5,12.5
1982,4,21,0.2,31.5,15.5
1982,4,22,0,32,17.5
1982,4,23,0,28.5,19
1982,4,24,0,28.5,16.5
1982,4,25,0,33,13.5
1982,4,26,0,35,15
1982,4,27,0,33.5,17.5
1982,4,28,0,34.5,17
1982,4,29,11.8,34.5,19.5
1982,4,30,1.7,30,17
1982,5,1,3.2,32.5,17.5
1982,5,2,0,29.5,16.5
1982,5,3,2.5,30.5,17.5
1982,5,4,0,30.5,17.5
1982,5,5,0,30.5,13.5
1982,5,6,0,31,17.5
1982,5,7,0,32,16.5
1982,5,8,0,31.5,16.5
1982,5,9,0,32,15.5
1982,5,10,0,33.5,14
1982,5,11,0,32.5,17
1982,5,12,0,33.5,18
1982,5,13,0,34,16.5
1982,5,14,0.6,35.5,19.5
1982,5,15,0.7,32.5,18
1982,5,16,0,31.5,18
1982,5,17,0,31.5,15.5
1982,5,18,1,32,16
1982,5,19,7.7,30,20.5
1982,5,20,23,29.5,20
1982,5,21,43.5,29,20.5
1982,5,22,22.3,27.5,20
1982,5,23,30.8,29,20.5
1982,5,24,3.2,30.5,20.5
1982,5,25,0.2,31,21.5
1982,5,26,0.5,33,19.5
1982,5,27,0,31.5,21.5
1982,5,28,8,32.5,20.5
1982,5,29,1.1,31.5,21
1982,5,30,6.7,30.5,19.5
1982,5,31,2.1,31.5,20.5
1982,6,1,4.6,30.5,19.9
1982,6,2,0,29,21.5
1982,6,3,1,31.5,21.8
1982,6,4,2.3,32.5,19.5
1982,6,5,3.9,32,21.5
1982,6,6,0.6,31.5,19.5
1982,6,7,0.5,31.5,21.5
1982,6,8,0.6,30.5,19.5
1982,6,9,3.9,30.5,19.5
1982,6,10,0,29.5,19.5
1982,6,11,3.4,29,18
1982,6,12,14.8,30,19.5
1982,6,13,50.1,28,20
1982,6,14,41.1,27.5,20.5
1982,6,15,0.3,27.5,20.5
1982,6,16,27.6,29,20.5
1982,6,17,3.1,30.5,20
1982,6,18,13.4,30.5,21
1982,6,19,36.2,31.5,19.5
1982,6,20,0,29.5,19
1982,6,21,16.3,29.5,19.5
1982,6,22,0.1,30,19.5
1982,6,23,6.7,30.5,19
1982,6,24,4.6,28,19.5
1982,6,25,9,28.5,20.5
1982,6,26,20,29.5,20
1982,6,27,17.3,28.5,19.5
1982,6,28,2.4,27.5,20
1982,6,29,0,29,20
1982,6,30,0,29.5,19.5
1982,7,1,2,27.5,17
1982,7,2,9.3,28.5,15.5
1982,7,3,8.2,28.5,17.5
1982,7,4,5.2,29,15
1982,7,5,1.7,28.5,18.5
1982,7,6,8.3,28.5,17.5
1982,7,7,0.4,27.5,18.5
1982,7,8,11,27,18
1982,7,9,9.1,27.5,18.5
1982,7,10,0.2,29.5,15.5
1982,7,11,0.5,29,17
1982,7,12,0.4,28.5,17.5
1982,7,13,3.7,25.5,19
1982,7,14,7.9,26.5,19.5
1982,7,15,25.5,25.5,18
1982,7,16,22.5,24.5,19.5
1982,7,17,2.4,26.5,19.5
1982,7,18,3.7,27.5,19
1982,7,19,4,28.5,19.5
1982,7,20,20.4,29.5,18
1982,7,21,4.9,28.5,17.5
1982,7,22,19,26.5,18.5
1982,7,23,8.1,26,19.5
1982,7,24,6.4,28,18.5
1982,7,25,15.8,27,19.5
1982,7,26,0,28.5,18.5
1982,7,27,0.7,27.5,17
1982,7,28,13,29,17.5
1982,7,29,5.9,26.5,19
1982,7,30,36.9,28.5,19.5
1982,7,31,15.1,27,19.5
1982,8,1,17.6,28.5,19
1982,8,2,0.3,28.5,20
1982,8,3,16.9,27.5,19
1982,8,4,0,29.5,19.5
1982,8,5,33.8,29.5,18.5
1982,8,6,0.6,29,18.5
1982,8,7,0,28.5,17.5
1982,8,8,1,29,17.5
1982,8,9,2.6,30.5,17.5
1982,8,10,12.2,28.5,18.5
1982,8,11,13.9,27.5,19.5
1982,8,12,16,26.5,17.5
1982,8,13,0,28,18.5
1982,8,14,0,29.5,16.5
1982,8,15,0,30,19
1982,8,16,0,29.5,16.5
1982,8,17,0,30.3,17.5
1982,8,18,4.2,29.4,17.5
1982,8,19,32.6,29.1,19
1982,8,20,8,27.5,19.5
1982,8,21,10.6,27,19.5
1982,8,22,0.7,28.5,18.5
1982,8,23,4.9,27.5,17.5
1982,8,24,0.3,28.5,19.5
1982,8,25,15,29.5,20
1982,8,26,26.5,29,19.5
1982,8,27,2.8,26.5,19.5
1982,8,28,16.1,28.5,18.5
1982,8,29,3.5,28,18
1982,8,30,7.6,27.5,19.5
1982,8,31,15.4,28,18.5
1982,9,1,25.2,28.5,19
1982,9,2,0.2,28.5,20
1982,9,3,12.3,29.5,19.5
1982,9,4,6.3,27,19.5
1982,9,5,6.3,27.5,19.5
1982,9,6,8.9,29,20.5
1982,9,7,4.2,29.5,20.5
1982,9,8,20,29.2,19.5
1982,9,9,5.4,28.3,18.5
1982,9,10,5.2,29.9,19
1982,9,11,0,30,19.5
1982,9,12,0.5,29.5,18.5
1982,9,13,0,28,19.5
1982,9,14,4.9,29.5,18.5
1982,9,15,16.2,27,19.5
1982,9,16,4,27.5,19.9
1982,9,17,4.2,27,19.3
1982,9,18,35.5,26.5,18.6
1982,9,19,32,28.5,20.5
1982,9,20,44.5,27,20
1982,9,21,16.6,28,19.5
1982,9,22,47.1,28.5,20
1982,9,23,0.1,27.5,19.5
1982,9,24,43.2,27.5,20.5
1982,9,25,23.5,27.5,20
1982,9,26,0,25,20
1982,9,27,7.6,25.5,18.5
1982,9,28,22.7,29.5,20.5
1982,9,29,13,28.5,19.5
1982,9,30,10.2,28.5,20.5
1982,10,1,19.2,29.5,20.1
1982,10,2,0.9,29.5,20.7
1982,10,3,19.7,29,20.4
1982,10,4,6.5,28.5,20
1982,10,5,8.1,27.5,19.5
1982,10,6,38,28.5,19.5
1982,10,7,1.6,28.5,19.5
1982,10,8,0,28.5,18.5
1982,10,9,0,30,17.5
1982,10,10,0,30.5,18
1982,10,11,2.1,30,18.5
1982,10,12,0,29.5,18.5
1982,10,13,1.4,30,17.5
1982,10,14,9.9,30,20.5
1982,10,15,17.6,28.5,19.5
1982,10,16,45,24,19.5
1982,10,17,4.3,27.5,18.5
1982,10,18,18.4,24.5,19.6
1982,10,19,1.5,21.5,19.9
1982,10,20,0,23.5,18.4
1982,10,21,21.7,25.5,18.2
1982,10,22,0,26.5,17
1982,10,23,0.2,26,18.5
1982,10,24,0,26.5,15.5
1982,10,25,0,25.5,14.5
1982,10,26,2,27,12
1982,10,27,0,23,14
1982,10,28,0.3,26.5,17.5
1982,10,29,42.4,28.5,18.5
1982,10,30,1.7,26.5,19
1982,10,31,15.2,27,17.5
1982,11,1,0,26,19
1982,11,2,0,27.5,19.5
1982,11,3,4.2,30,19
1982,11,4,12.6,25,16.5
1982,11,5,2.8,19.5,17.5
1982,11,6,0,24,15.5
1982,11,7,0,20,16
1982,11,8,0,26,16
1982,11,9,0,27,15.5
1982,11,10,0,26.5,13
1982,11,11,3.7,26.5,15
1982,11,12,8.7,27,16
1982,11,13,12.7,26,18.5
1982,11,14,0,26.5,18
1982,11,15,4.1,23.5,17
1982,11,16,0,23.5,16.5
1982,11,17,0,27,16.5
1982,11,18,0,27.5,14.5
1982,11,19,0,27.5,15.5
1982,11,20,0,28,15.5
1982,11,21,0,28.5,16.5
1982,11,22,1.2,26.5,15.5
1982,11,23,0,27,16.5
1982,11,24,1.9,27,17
1982,11,25,0,26.5,15.5
1982,11,26,0,26.5,16.5
1982,11,27,1.8,27.5,17
1982,11,28,2,27.5,18.5
1982,11,29,0,27.5,16.5
1982,11,30,0,27,13.5
1982,12,1,0,26.5,13.5
1982,12,2,0,28.5,15.5
1982,12,3,0,29,16.5
1982,12,4,0.9,29.5,15
1982,12,5,9.2,26,16.5
1982,12,6,3.5,27.5,18.5
1982,12,7,8.5,25.5,18.5
1982,12,8,2.1,24,17.5
1982,12,9,0.3,26,16.5
1982,12,10,0.2,25.5,17
1982,12,11,0,27.5,17.5
1982,12,12,5.3,28,15.5
1982,12,13,0,21.5,17
1982,12,14,0,24.5,16.5
1982,12,15,0,26.5,15.5
1982,12,16,7,22.5,16
1982,12,17,0,20,15.5
1982,12,18,0,21.5,12.5
1982,12,19,0,24,7.5
1982,12,20,0,21.5,10.5
1982,12,21,0,23.5,12.5
1982,12,22,0,24.5,13.5
1982,12,23,0,27.5,12.5
1982,12,24,0,27.5,13.5
1982,12,25,0,28.5,10.5
1982,12,26,0.5,26.5,12.5
1982,12,27,0,27,16.5
1982,12,28,0,27.5,17.5
1982,12,29,0.1,27,15.5
1982,12,30,0,26,17
1982,12,31,0,29.5,12
1983,1,1,0,26,11
1983,1,2,3.5,28,12
1983,1,3,2,21,17
1983,1,4,2.7,20,16.5
1983,1,5,0.9,26.5,16.5
1983,1,6,14.5,24,16.5
1983,1,7,0.6,24,17.5
1983,1,8,0,26,17.5
1983,1,9,0,28.5,14
1983,1,10,3,27,14.5
1983,1,11,10.3,24,17
1983,1,12,0,20.5,15
1983,1,13,0,21,11.5
1983,1,14,0,22,11
1983,1,15,0,22,12
1983,1,16,0,22.5,9
1983,1,17,0,21,9.5
1983,1,18,0,25.5,11
1983,1,19,0,26,11
1983,1,20,0,31,14
1983,1,21,0,34,13.5
1983,1,22,0,29.5,10
1983,1,23,0,26,11
1983,1,24,0,26,18
1983,1,25,0,24,17
1983,1,26,0,22,15
1983,1,27,0,24,15
1983,1,28,0,24,16
1983,1,29,0,30,10
1983,1,30,0,28,10.5
1983,1,31,0,28.5,10
1983,2,1,0,33,10
1983,2,2,0,28.5,7
1983,2,3,0,25,9
1983,2,4,0,28,15
1983,2,5,0,28,13.5
1983,2,6,0,31,13.5
1983,2,7,0.3,26.5,14
1983,2,8,0,26,18
1983,2,9,0,26,18.5
1983,2,10,0,30.5,16
1983,2,11,0,20,15.5
1983,2,12,14,26,16
1983,2,13,0,18,15
1983,2,14,0,25,13.5
1983,2,15,0,33,12
1983,2,16,0,22.5,11
1983,2,17,0,25,12
1983,2,18,0,23,13.5
1983,2,19,10.5,20,9.5
1983,2,20,0,22.5,15.5
1983,2,21,0,29.5,15
1983,2,22,0,22,16
1983,2,23,0.4,22,16
1983,2,24,0,27,13
1983,2,25,29.9,28,14
1983,2,26,0,27,15.5
1983,2,27,2.2,26,14
1983,2,28,0,27,13
1983,3,1,0,27,13
1983,3,2,0,28,11
1983,3,3,0,30.5,11
1983,3,4,0,36,12
1983,3,5,0,37,10
1983,3,6,0,36,9
1983,3,7,0,37.5,7
1983,3,8,0,35,7.5
1983,3,9,0,31,10.5
1983,3,10,0,27,12.5
1983,3,11,0,23,16
1983,3,12,0,22,9.5
1983,3,13,1.6,22,14.5
1983,3,14,15.5,23.5,15.5
1983,3,15,0,31,16
1983,3,16,0,32,15
1983,3,17,0,29,8.5
1983,3,18,0,30.5,11
1983,3,19,0,31,10.5
1983,3,20,0,31.5,10.5
1983,3,21,0.7,37,10.5
1983,3,22,0,26.5,7
1983,3,23,0,33,14
1983,3,24,0,34.5,12
1983,3,25,0,28.5,15.5
1983,3,26,2.7,35,15.5
1983,3,27,12.7,33,15
1983,3,28,0,27.5,16
1983,3,29,0,29,18.5
1983,3,30,0.6,29.5,15.5
1983,3,31,0,30.5,19
1983,4,1,21.1,30.5,17
1983,4,2,0,29.5,13
1983,4,3,0,28.5,16.5
1983,4,4,0,32.5,16
1983,4,5,0,34,17
1983,4,6,30.2,35,18
1983,4,7,0,31,17
1983,4,8,0,33.5,16
1983,4,9,0,31,16
1983,4,10,0.7,25,18
1983,4,11,0,28,18.5
1983,4,12,0,31,14
1983,4,13,0,32,16
1983,4,14,0,35,18
1983,4,15,0,29.5,17.5
1983,4,16,0,28,20
1983,4,17,0,24,19
1983,4,18,0,27.5,12.5
1983,4,19,0,33,13.5
1983,4,20,0,35,15.5
1983,4,21,0,33.5,16
1983,4,22,0,28,16.5
1983,4,23,0,36,15.5
1983,4,24,0,27,18
1983,4,25,0,22.5,14
1983,4,26,0,32,14.5
1983,4,27,5.7,34.5,16.5
1983,4,28,0,31,18
1983,4,29,0,32,19
1983,4,30,0,31.5,19
1983,5,1,0,30.5,17.5
1983,5,2,0,32,16.5
1983,5,3,0,34.5,16
1983,5,4,0,31.5,17.5
1983,5,5,0,31,18
1983,5,6,0,33,16.5
1983,5,7,0,34,16
1983,5,8,0,34.5,15.5
1983,5,9,0,30.8,17
1983,5,10,0,34.5,14.5
1983,5,11,0,33,14.5
1983,5,12,0,33,17.5
1983,5,13,0,33.5,18
1983,5,14,0,32,17
1983,5,15,0,35,14.5
1983,5,16,0,34.5,14
1983,5,17,0,33,18
1983,5,18,0,33.5,17
1983,5,19,0,34,20.5
1983,5,20,0,32.5,21
1983,5,21,0,32.5,18.5
1983,5,22,0,34.5,19
1983,5,23,0,34,20
1983,5,24,0,33.5,20.5
1983,5,25,0,33,19.5
1983,5,26,0,34,20.5
1983,5,27,0,33.5,18
1983,5,28,1,33.5,22
1983,5,29,26.2,34,21
1983,5,30,0,33.5,18.5
1983,5,31,25.4,35.5,19
1983,6,1,35,35.5,16
1983,6,2,0,32.5,19.5
1983,6,3,27.2,32,19
1983,6,4,4,31.5,21.5
1983,6,5,0,37.5,22.5
1983,6,6,0,34,20
1983,6,7,8.9,35,20
1983,6,8,11,30.5,21
1983,6,9,25.1,27.5,21
1983,6,10,20.1,28.5,20.5
1983,6,11,0,29.5,20.5
1983,6,12,4.6,31.5,20.5
1983,6,13,0.8,31,20
1983,6,14,5.5,26,21
1983,6,15,4.3,30,20
1983,6,16,0,28.5,20
1983,6,17,36.5,32,20.5
1983,6,18,0.8,29.5,19.5
1983,6,19,23,30.5,19.5
1983,6,20,0.2,31.5,18.5
1983,6,21,57.9,31.5,20.5
1983,6,22,8.4,31,20
1983,6,23,7.6,31,20.5
1983,6,24,6.4,31,19.5
1983,6,25,1,32,20.5
1983,6,26,2.8,30.5,20.5
1983,6,27,2.4,30,20.5
1983,6,28,0.3,31,20
1983,6,29,4,30,17
1983,6,30,9.6,29.5,20
1983,7,1,0,29.5,21
1983,7,2,9.7,29.5,18
1983,7,3,6.6,29,20.5
1983,7,4,13.7,29,20.5
1983,7,5,8.4,27.5,21
1983,7,6,9.3,29.5,19.5
1983,7,7,12.6,29,19
1983,7,8,26,26,19
1983,7,9,5.4,28,19
1983,7,10,40,28,20
1983,7,11,27.3,30,18.5
1983,7,12,35.2,29,19
1983,7,13,12,28.5,19
1983,7,14,2.5,29,20
1983,7,15,0,29,19.5
1983,7,16,0.5,30.5,20
1983,7,17,20,29,19
1983,7,18,12.1,28.5,20
1983,7,19,29,26,19
1983,7,20,17.3,26,19.5
1983,7,21,13.4,27.5,19.5
1983,7,22,37,26.5,19
1983,7,23,10.9,26,19
1983,7,24,15.6,28.5,19.5
1983,7,25,27.2,27.3,19.5
1983,7,26,16.2,28.4,20.5
1983,7,27,3.4,28,20.5
1983,7,28,7.2,29,18
1983,7,29,0,29.5,18.5
1983,7,30,6.5,29,17
1983,7,31,5.6,27.5,19
1983,8,1,0.2,29.5,19
1983,8,2,13.7,29.5,20
1983,8,3,4.8,30,20
1983,8,4,9.3,28,20
1983,8,5,0.2,28.5,19.5
1983,8,6,1.6,28,20
1983,8,7,8.8,28,17
1983,8,8,0,29.5,19
1983,8,9,29.2,30.5,19
1983,8,10,14,27.5,19.5
1983,8,11,1,29.5,19
1983,8,12,1,29.5,20.5
1983,8,13,2.8,29.5,20
1983,8,14,7.9,29,18
1983,8,15,3.2,30.5,17.5
1983,8,16,0,29.5,17
1983,8,17,0,30.5,18
1983,8,18,0,30.5,17
1983,8,19,11.8,30.5,17.5
1983,8,20,2.5,30,16.5
1983,8,21,3.1,29,18
1983,8,22,9.2,28,19
1983,8,23,2.4,29,17
1983,8,24,12.6,29,18
1983,8,25,0.4,28,19.5
1983,8,26,9.9,28,18
1983,8,27,2.9,29,18
1983,8,28,2,29,18.5
1983,8,29,1.1,29,19.5
1983,8,30,21,26,20.5
1983,8,31,17.6,29,20
1983,9,1,34.4,30,20
1983,9,2,22.9,29,20
1983,9,3,4.2,29,21
1983,9,4,4.5,30,20.5
1983,9,5,21.5,30,20
1983,9,6,17.7,29,19
1983,9,7,12.2,28.5,19
1983,9,8,7.3,29.5,20
1983,9,9,17.1,30,20
1983,9,10,16,29.5,20.5
1983,9,11,4,29,20.5
1983,9,12,0,29,20
1983,9,13,12.9,29,20
1983,9,14,15.2,28,18.5
1983,9,15,1.8,28,18
1983,9,16,3.2,29.5,19.5
1983,9,17,0.4,28,20
1983,9,18,3.8,29.5,20
1983,9,19,13.9,30,17.5
1983,9,20,0,30,19
1983,9,21,2.2,30.5,18
1983,9,22,40.4,29.5,18
1983,9,23,0,29.5,19.5
1983,9,24,13.2,29,17
1983,9,25,14.5,27.5,19.5
1983,9,26,31.5,27.5,19
1983,9,27,22.9,28.5,20.5
1983,9,28,0.1,26.5,20
1983,9,29,0,25,16
1983,9,30,2.4,27,17
1983,10,1,0,22.5,18
1983,10,2,6.1,27.5,18
1983,10,3,2.6,30,19
1983,10,4,5.4,31.5,18.5
1983,10,5,22,29,20
1983,10,6,32.2,27,20
1983,10,7,0,28.5,18
1983,10,8,0,29.5,17
1983,10,9,0.1,30,17
1983,10,10,1.3,30,16.5
1983,10,11,0,29,18
1983,10,12,0,28.5,18.5
1983,10,13,3.5,31,18.5
1983,10,14,19.1,30,18.5
1983,10,15,0,28.5,18
1983,10,16,1,28,18
1983,10,17,0,30,19
1983,10,18,0,31,18.5
1983,10,19,0,30.5,18
1983,10,20,2.7,30,15.5
1983,10,21,17.5,28,17
1983,10,22,0.9,27.5,18.5
1983,10,23,1,27,19
1983,10,24,2.6,28.5,19.5
1983,10,25,18.5,26.5,20
1983,10,26,1.9,22.5,18.5
1983,10,27,4.8,22,16.5
1983,10,28,0,26.5,15.5
1983,10,29,13.4,26,16.5
1983,10,30,0.2,28.5,19
1983,10,31,25.1,24,20
1983,11,1,15.2,25,19.5
1983,11,2,7.1,27,18
1983,11,3,0.4,26.5,18.5
1983,11,4,0,27,16.5
1983,11,5,0,26.5,17.5
1983,11,6,0,27,16.5
1983,11,7,0.1,30,17.5
1983,11,8,0,29,20
1983,11,9,0,30,17
1983,11,10,2.7,28.5,19
1983,11,11,1.7,26,17
1983,11,12,0,24,18
1983,11,13,0,28.5,18.5
1983,11,14,0,29,18
1983,11,15,0,30.5,14
1983,11,16,0,27.5,14
1983,11,17,0,25.5,11
1983,11,18,0,26,12
1983,11,19,0,29.5,14
1983,11,20,0,31.5,14.5
1983,11,21,0,28,17
1983,11,22,0,30,17
1983,11,23,0,31,18
1983,11,24,38.2,30,16.5
1983,11,25,1,27,18
1983,11,26,0,26.5,18
1983,11,27,5.3,30,16
1983,11,28,0,29,17
1983,11,29,0,25.5,18
1983,11,30,0,28,15.5
1983,12,1,3.9,27,17.5
1983,12,2,0.2,27,19
1983,12,3,0,28.5,13
1983,12,4,14.1,30.5,14
1983,12,5,0,28,16
1983,12,6,1.2,31,16
1983,12,7,0.6,28,17
1983,12,8,0.1,26.5,17.5
1983,12,9,0.2,26.5,14
1983,12,10,0,26.5,12.5
1983,12,11,0,27.5,13.5
1983,12,12,0,28.5,15.5
1983,12,13,0.1,27.5,15.5
1983,12,14,0,27,10.5
1983,12,15,0,25.5,10
1983,12,16,0,27.5,11
1983,12,17,0,24.5,13
1983,12,18,1.1,25.5,16
1983,12,19,20.5,24.5,16
1983,12,20,0,24.5,14.5
1983,12,21,0,25.5,15.5
1983,12,22,1.2,26.5,12.5
1983,12,23,8.2,24,13.5
1983,12,24,1.5,27,17
1983,12,25,0.4,20.5,16.5
1983,12,26,0,22,15
1983,12,27,0,27.5,13
1983,12,28,0,29.5,13.5
1983,12,29,0,27.5,14.5
1983,12,30,0.7,18,15.5
1983,12,31,0.7,17,13
1984,1,1,0,21,12
1984,1,2,0,18.5,13
1984,1,3,0,18,13.5
1984,1,4,0,22.5,12.5
1984,1,5,0,23.5,12
1984,1,6,0,23.5,13
1984,1,7,0,28,9
1984,1,8,0,25.5,10
1984,1,9,0,26.5,12.5
1984,1,10,35.1,28.5,12
1984,1,11,0.2,19,12.5
1984,1,12,0,22,15
1984,1,13,6.5,23,14.5
1984,1,14,4,19,15.5
1984,1,15,0,24.5,15
1984,1,16,0,25,15
1984,1,17,0,25.5,13.5
1984,1,18,7.9,28.5,14.5
1984,1,19,4.5,25,16
1984,1,20,3,24,18
1984,1,21,10.4,18.5,17.5
1984,1,22,4.4,19.5,15.5
1984,1,23,0.2,25,15.5
1984,1,24,0,27,12
1984,1,25,0,28,12.5
1984,1,26,0.1,27.5,15.5
1984,1,27,1.4,25,16.5
1984,1,28,1.9,22.5,15.5
1984,1,29,0,24,17.5
1984,1,30,2.6,26,15
1984,1,31,0,26,14
1984,2,1,1,26.5,15
1984,2,2,0,26,16
1984,2,3,0,27,12.5
1984,2,4,9.6,26.5,13.5
1984,2,5,6.8,23,17
1984,2,6,0.3,17.5,15
1984,2,7,0,20,13.5
1984,2,8,0,21,12.5
1984,2,9,2.7,21.5,13
1984,2,10,0.2,25.5,16.5
1984,2,11,0,26,16
1984,2,12,0,29.5,12
1984,2,13,0,30.5,13
1984,2,14,0,26.5,14.5
1984,2,15,0,27,13
1984,2,16,9.8,28,13.5
1984,2,17,0,20,16
1984,2,18,0,27.5,15.5
1984,2,19,0.2,31,16.5
1984,2,20,3,30,17
1984,2,21,1.9,26,18
1984,2,22,0.4,23,17
1984,2,23,0,25,17
1984,2,24,0,30.5,15
1984,2,25,0.7,28,17
1984,2,26,0,30.5,17.5
1984,2,27,0,32,14
1984,2,28,0,15.5,13
1984,2,29,0,15,11.5
1984,3,1,0,22.5,9
1984,3,2,0,26.5,9
1984,3,3,0,27,13
1984,3,4,0,30.5,12.5
1984,3,5,0,31.5,14
1984,3,6,0.2,32.5,14.5
1984,3,7,0,22,15.5
1984,3,8,0,22,17
1984,3,9,0,23,16.5
1984,3,10,0,26.5,14.5
1984,3,11,0.2,29.5,13.5
1984,3,12,0,29.5,15.5
1984,3,13,0.2,32,13.5
1984,3,14,0,29,16
1984,3,15,0.3,25,19
1984,3,16,0.3,29,14
1984,3,17,0,30,14
1984,3,18,0,29.5,16.5
1984,3,19,0.1,33,14
1984,3,20,0,27,15
1984,3,21,0,26,14.5
1984,3,22,3.6,32,13.5
1984,3,23,22.4,35,13.5
1984,3,24,13.4,34,15
1984,3,25,0,32.5,16
1984,3,26,0,33,17
1984,3,27,0,36.5,16
1984,3,28,0,37.5,14.5
1984,3,29,0,28,15.5
1984,3,30,0,29,12.5
1984,3,31,0,34,13.5
1984,4,1,0,32,14.5
1984,4,2,0,31.5,14.5
1984,4,3,0,36,14.5
1984,4,4,0,34,16
1984,4,5,0,27,19
1984,4,6,0,29,14
1984,4,7,0,31,13
1984,4,8,0,37,13
1984,4,9,0,35.5,15
1984,4,10,0,35.5,16
1984,4,11,5.8,36,17
1984,4,12,0,35,18
1984,4,13,8.2,37,17.5
1984,4,14,5.3,35.5,15.5
1984,4,15,20.4,28,18
1984,4,16,0,23,17.5
1984,4,17,0,26,16
1984,4,18,0,29,9
1984,4,19,0,30.5,9
1984,4,20,0,35,12
1984,4,21,0,35,15
1984,4,22,0,36,16
1984,4,23,0,32,18.5
1984,4,24,0,29.5,18
1984,4,25,0,34.5,16
1984,4,26,0,37,16
1984,4,27,0,35.5,16
1984,4,28,0,34.5,17
1984,4,29,0,33,17
1984,4,30,0,30,17
1984,5,1,0,30,18
1984,5,2,0,33.5,17
1984,5,3,0,38,17
1984,5,4,0,37,19.5
1984,5,5,0,36,15.5
1984,5,6,2.7,35.5,17.5
1984,5,7,0,33.5,19.5
1984,5,8,43.6,34,17
1984,5,9,0,27,17
1984,5,10,15.4,28,19
1984,5,11,18.4,29.5,19.5
1984,5,12,4.8,30.5,16.5
1984,5,13,21.8,28,18
1984,5,14,3,28.5,17.5
1984,5,15,6.2,28,18.5
1984,5,16,4.9,28,19.5
1984,5,17,2.2,29,19.5
1984,5,18,0,26,20
1984,5,19,0,28.5,19
1984,5,20,0,31,19
1984,5,21,0,30,18
1984,5,22,10.9,31.5,19.5
1984,5,23,5.5,31,19
1984,5,24,4.5,29,18.5
1984,5,25,0.7,28,20
1984,5,26,12.2,30,19.5
1984,5,27,46.9,27.5,19.5
1984,5,28,0,28.5,19.5
1984,5,29,11.9,27,20.5
1984,5,30,0,27.5,20
1984,5,31,0,24.5,18.5
1984,6,1,0.3,26,18.5
1984,6,2,0,28,19
1984,6,3,4.6,29.5,20
1984,6,4,1.6,30.5,19.5
1984,6,5,5.6,30.5,20
1984,6,6,0,29.5,19.5
1984,6,7,0,31.5,20.5
1984,6,8,7.8,30,19.5
1984,6,9,1.3,30.5,17.5
1984,6,10,36.5,29.5,19.5
1984,6,11,29,27.5,19
1984,6,12,30.4,27.5,19
1984,6,13,11.2,27.5,19
1984,6,14,4.8,25.5,19.5
1984,6,15,0.5,26,19
1984,6,16,11.5,27,20
1984,6,17,30.5,29,20
1984,6,18,0.3,22,19.5
1984,6,19,5.4,29,19
1984,6,20,1.3,28,19
1984,6,21,2,29,18
1984,6,22,1.3,30,19
1984,6,23,0.3,30,17.5
1984,6,24,11,30.5,18
1984,6,25,1.2,30.5,18.5
1984,6,26,7.3,29,18
1984,6,27,2.2,29,18
1984,6,28,2.4,30,18
1984,6,29,0,29,17
1984,6,30,1,30,18
1984,7,1,0,28.5,17
1984,7,2,1.8,29,17.5
1984,7,3,22.7,29,19
1984,7,4,2.7,26.5,18
1984,7,5,19.6,27,19
1984,7,6,6,29,19
1984,7,7,38.6,27,19.5
1984,7,8,33.5,28.5,19
1984,7,9,43.5,28,19.5
1984,7,10,13,28,19
1984,7,11,50.6,26,19.5
1984,7,12,13.9,27,19
1984,7,13,23.5,28,18
1984,7,14,8.6,28,18.5
1984,7,15,5.6,28,18
1984,7,16,2.7,29,16.5
1984,7,17,9.6,29,17.5
1984,7,18,7,28,17
1984,7,19,9.4,30,19
1984,7,20,0,29,19
1984,7,21,3.1,28.5,16.5
1984,7,22,5.3,27.5,16
1984,7,23,7.8,28,18
1984,7,24,19.7,28,19
1984,7,25,1.4,27,17.3
1984,7,26,20,28,18.2
1984,7,27,7.5,28.5,17.9
1984,7,28,6.7,29,19.5
1984,7,29,1.8,29.5,19.5
1984,7,30,0.5,28,18.5
1984,7,31,5.7,26.5,20
1984,8,1,24.9,29,20.5
1984,8,2,20,28.5,20.5
1984,8,3,2.9,29,18
1984,8,4,18,29.5,19.5
1984,8,5,0.3,27.5,19
1984,8,6,2.3,28,19
1984,8,7,0,27.5,18
1984,8,8,0,28,17
1984,8,9,1.9,28,18
1984,8,10,3.2,27,16
1984,8,11,4.4,29.5,16
1984,8,12,5.1,29,18.5
1984,8,13,43.7,27,18
1984,8,14,1,26,19.5
1984,8,15,0,27,17
1984,8,16,13.7,27.9,18.5
1984,8,17,11.6,28.5,16.5
1984,8,18,15.3,29.5,18.5
1984,8,19,24.3,29,19
1984,8,20,41.6,28,17.5
1984,8,21,23.3,30.1,19.5
1984,8,22,5.1,28.2,19.5
1984,8,23,0.8,28.6,20
1984,8,24,6.9,28.5,18.5
1984,8,25,17.7,29,18.5
1984,8,26,16.2,28,18
1984,8,27,10.4,28,18
1984,8,28,2.8,28,19
1984,8,29,5.1,27,17.5
1984,8,30,30.4,28,20
1984,8,31,20.6,29,20
1984,9,1,37.5,28.5,19
1984,9,2,16.1,29,19.5
1984,9,3,4.3,29,20
1984,9,4,10.3,28,20.5
1984,9,5,22,28,20
1984,9,6,4.1,29,19.5
1984,9,7,0.1,27.5,17.5
1984,9,8,8.5,28,17
1984,9,9,21.9,26,19
1984,9,10,53.1,27,18
1984,9,11,6.4,26,19
1984,9,12,0,25.5,19.5
1984,9,13,0.7,26.5,19
1984,9,14,4.2,28,20
1984,9,15,19.1,25,19
1984,9,16,21.5,28,19
1984,9,17,2.3,27.5,19
1984,9,18,68,29,20
1984,9,19,12.5,29,19.4
1984,9,20,3.6,28,18.8
1984,9,21,8.5,26,20.5
1984,9,22,0.7,28.5,20
1984,9,23,7,31,19.6
1984,9,24,4.4,27.5,18.5
1984,9,25,74.8,29.5,20
1984,9,26,25.2,24.5,19.5
1984,9,27,7.6,27,18.5
1984,9,28,0.2,28.5,19
1984,9,29,0.1,26.5,19
1984,9,30,14.2,27,18
1984,10,1,27.8,24,19
1984,10,2,14.8,25.5,19.5
1984,10,3,15.1,27.5,19
1984,10,4,8.6,27,20.5
1984,10,5,2.6,28,19
1984,10,6,7.5,27.1,19
1984,10,7,4.5,29.7,19
1984,10,8,0,26.4,20
1984,10,9,0,28.5,16.5
1984,10,10,10.3,28,17.5
1984,10,11,0,27,17.5
1984,10,12,1.1,29,17
1984,10,13,1.8,29.5,17
1984,10,14,0,29,18
1984,10,15,0,32,17
1984,10,16,0,30,17.5
1984,10,17,0,30,18
1984,10,18,0,29.5,18
1984,10,19,0,30,15.5
1984,10,20,0,30,16.5
1984,10,21,0,31.5,16
1984,10,22,21.5,30,18
1984,10,23,4.3,29,18.5
1984,10,24,1.2,29.5,18.5
1984,10,25,3.4,29,18.5
1984,10,26,1.6,27.5,19
1984,10,27,0,28,16.5
1984,10,28,26,28,18
1984,10,29,38.6,28,20
1984,10,30,18.2,26,19.5
1984,10,31,13.8,27,19.5
1984,11,1,2.8,27,18
1984,11,2,0,28,18
1984,11,3,0,28,15.5
1984,11,4,0,28,17
1984,11,5,9.4,29,16
1984,11,6,5.5,26,16.5
1984,11,7,2.6,24,16.5
1984,11,8,0.2,26,17
1984,11,9,0.3,25,12
1984,11,10,4.5,25.5,9.5
1984,11,11,0,26,11
1984,11,12,10.2,24,14
1984,11,13,0,28.1,15.5
1984,11,14,0.2,26.2,12
1984,11,15,0,25,11
1984,11,16,3,21,13
1984,11,17,0.8,22,15.5
1984,11,18,0,28,17
1984,11,19,0,29.5,16
1984,11,20,0,27.5,16.5
1984,11,21,0.7,27,17
1984,11,22,1.7,20,17
1984,11,23,0.1,22.5,11
1984,11,24,0,21,8
1984,11,25,0,27,10
1984,11,26,0,26.5,11.5
1984,11,27,0,29,11
1984,11,28,0,27,12.5
1984,11,29,0,25,13.5
1984,11,30,0,29,14.5
1984,12,1,0,29,13.5
1984,12,2,0,28,14.5
1984,12,3,2.6,25,13.5
1984,12,4,0,25.5,15
1984,12,5,0.2,26.5,15
1984,12,6,15.9,23,15.5
1984,12,7,1.5,21.5,17
1984,12,8,0,21.5,15.5
1984,12,9,0,23,12.5
1984,12,10,0,23.5,13
1984,12,11,0,24,13.5
1984,12,12,0,26.5,11
1984,12,13,0,26.5,12.5
1984,12,14,0,27,13
1984,12,15,2.4,27.5,12.5
1984,12,16,3.6,25.5,13
1984,12,17,7,23,14.5
1984,12,18,3.5,22,17
1984,12,19,0.8,24.5,15
1984,12,20,0,24.5,16
1984,12,21,0,25.5,13
1984,12,22,0.8,25,12
1984,12,23,1.4,22.5,12
1984,12,24,2.9,25,15
1984,12,25,10,21.5,16
1984,12,26,9.5,22.5,16.5
1984,12,27,17.7,24.5,16
1984,12,28,9.4,22.5,16
1984,12,29,3.7,24,16
1984,12,30,7.3,24.5,18
1984,12,31,0,23.5,17.5
1985,1,1,0,25.5,16
1985,1,2,0,26.5,12.5
1985,1,3,1.8,21,13
1985,1,4,0,19.5,14.5
1985,1,5,0.7,19.5,13.5
1985,1,6,0,17.5,12.5
1985,1,7,0,20.5,12
1985,1,8,0,22,12.5
1985,1,9,0,24,10.5
1985,1,10,0,26,10.5
1985,1,11,4.5,22,14.5
1985,1,12,0,20.5,15
1985,1,13,0,22.5,13.5
1985,1,14,0,25.5,13
1985,1,15,0,24.5,14
1985,1,16,0,26.5,12.5
1985,1,17,0,29.5,10
1985,1,18,0,25,11
1985,1,19,0,25.5,13.5
1985,1,20,40,29,11.5
1985,1,21,8.2,19,12
1985,1,22,0.4,20,15
1985,1,23,0,20.5,14.5
1985,1,24,0,24.5,14
1985,1,25,0,25.5,8.5
1985,1,26,0,24,8.5
1985,1,27,0,26,11.5
1985,1,28,0,29,6.5
1985,1,29,0,28,7
1985,1,30,0,27,9
1985,1,31,0,28,9.5
1985,2,1,0,29.5,10
1985,2,2,1,27.5,9.5
1985,2,3,0,26.5,12
1985,2,4,0,27,16
1985,2,5,0,28.5,13
1985,2,6,0.6,30.5,12.5
1985,2,7,0,27.5,14
1985,2,8,2.3,27,12.5
1985,2,9,1.3,27.5,12.5
1985,2,10,0,28,12
1985,2,11,14.2,30,11
1985,2,12,0,16.5,10
1985,2,13,0,23,12.5
1985,2,14,1.9,21.5,13
1985,2,15,0,22,11
1985,2,16,0.3,23.5,12
1985,2,17,0,23,13
1985,2,18,20.2,20,12
1985,2,19,2.9,21,17
1985,2,20,1.3,23,17
1985,2,21,0,22,14
1985,2,22,0,26.5,15.5
1985,2,23,0,28.5,16.5
1985,2,24,6.3,29,17
1985,2,25,14.7,28,16.5
1985,2,26,2.4,24,17
1985,2,27,3.1,24,15
1985,2,28,1.2,27,15
1985,3,1,2.9,25,15.5
1985,3,2,0.6,26.5,15
1985,3,3,0,27,15
1985,3,4,0.3,28,15.5
1985,3,5,0,28,13
1985,3,6,0,27,14.5
1985,3,7,1,26,14
1985,3,8,8.5,23.5,15
1985,3,9,6.7,25,17.5
1985,3,10,3.6,26,17
1985,3,11,0,27,16.5
1985,3,12,0,26,15.5
1985,3,13,0,26.5,15
1985,3,14,9.2,30,15.5
1985,3,15,0,29,16.5
1985,3,16,0,29,14.5
1985,3,17,2.3,28,13
1985,3,18,2.9,25,14
1985,3,19,0,26,18
1985,3,20,0,31,18
1985,3,21,0,34,14
1985,3,22,0,29,15
1985,3,23,0.1,31,15
1985,3,24,0,29,16
1985,3,25,0.1,29.5,15
1985,3,26,0,28,14
1985,3,27,0,28.5,16
1985,3,28,0,28,16.5
1985,3,29,0,30.5,15
1985,3,30,0,32.5,15.5
1985,3,31,5.6,33,15
1985,4,1,4,27,17
1985,4,2,12.5,23,17.5
1985,4,3,0,24,9.5
1985,4,4,0,28.5,9.5
1985,4,5,0,32.5,10.5
1985,4,6,0,32,13
1985,4,7,0.5,31,14.5
1985,4,8,0,28.5,17
1985,4,9,0,27,13.5
1985,4,10,0,28,13.5
1985,4,11,0,30.5,12.5
1985,4,12,0,29.5,16
1985,4,13,2,31,17
1985,4,14,1.4,31,19
1985,4,15,0,28,18
1985,4,16,0,30,17
1985,4,17,28.2,31,16.5
1985,4,18,0,29,16
1985,4,19,0,29,17
1985,4,20,0,30.5,17
1985,4,21,0,30,16
1985,4,22,0,31,16
1985,4,23,3.1,33,17.5
1985,4,24,0,32,18
1985,4,25,0,31,19
1985,4,26,0,31.5,16
1985,4,27,0,33,14
1985,4,28,0,33,16
1985,4,29,0,31,17
1985,4,30,0,31,16
1985,5,1,0,31.5,16
1985,5,2,0,32,17
1985,5,3,0,31,15
1985,5,4,5.3,30.5,18
1985,5,5,0,30,18
1985,5,6,0,30.5,16
1985,5,7,1.7,29.5,18
1985,5,8,0.5,30.5,15
1985,5,9,4.6,30,16
1985,5,10,0,31.5,18
1985,5,11,0,33,17
1985,5,12,0,33,18
1985,5,13,0,33,17
1985,5,14,0,34,16
1985,5,15,0,33.5,18
1985,5,16,0,33,20
1985,5,17,0,33,15
1985,5,18,15.6,32,18
1985,5,19,1.1,32,18
1985,5,20,0,31,19
1985,5,21,0,32,16
1985,5,22,0,32,19
1985,5,23,0.2,32.5,17
1985,5,24,0,32,18
1985,5,25,0.9,33,17
1985,5,26,30.6,31.5,18
1985,5,27,0,32,17
1985,5,28,12.1,32,18
1985,5,29,8.9,30.5,20
1985,5,30,1,31,17
1985,5,31,23.7,31,18
1985,6,1,2,29.5,19
1985,6,2,7.2,29,20
1985,6,3,12.8,29,21
1985,6,4,0,28,20
1985,6,5,0,30,18.5
1985,6,6,0,31,16
1985,6,7,1.9,31,16
1985,6,8,2.5,29,18
1985,6,9,0.7,29.5,19
1985,6,10,5.4,30,19
1985,6,11,6.4,30,19
1985,6,12,4.2,29,20
1985,6,13,29.2,28,18
1985,6,14,1.5,30,19
1985,6,15,0,31,20
1985,6,16,26,31,20.5
1985,6,17,9.9,28,20
1985,6,18,0,29,20
1985,6,19,0.2,29,20
1985,6,20,0,29,21
1985,6,21,0,29.5,19.5
1985,6,22,18.4,30.5,15
1985,6,23,9.5,29.5,20
1985,6,24,3.3,30,19.5
1985,6,25,25.8,27,19
1985,6,26,10.6,28,19
1985,6,27,36.4,28,18.5
1985,6,28,20,28,19
1985,6,29,0.2,29,19
1985,6,30,15.8,29.5,19
1985,7,1,10,28,18
1985,7,2,4.3,25.5,19
1985,7,3,3.3,29,19
1985,7,4,0,29,19
1985,7,5,0.9,29,17
1985,7,6,0,30,18
1985,7,7,13.5,29,18
1985,7,8,0,29,19
1985,7,9,1,29.5,18
1985,7,10,17.2,26.5,16.5
1985,7,11,4.4,28,17.5
1985,7,12,45.6,26.5,20
1985,7,13,2.9,27,19
1985,7,14,1.4,28,19
1985,7,15,15.8,28.5,18
1985,7,16,0,28,19
1985,7,17,0.1,29,16
1985,7,18,6,29,17
1985,7,19,3.4,28.5,19
1985,7,20,5.5,29,19
1985,7,21,4.7,29,19
1985,7,22,3.5,30,18
1985,7,23,11.3,30,18
1985,7,24,1.2,30.5,19
1985,7,25,2.7,29.5,17.5
1985,7,26,4.3,29,19
1985,7,27,1.3,29,19.5
1985,7,28,0,29.5,19
1985,7,29,3.2,28,18
1985,7,30,9.9,28,19.5
1985,7,31,22.8,29,18
1985,8,1,8.7,28,17
1985,8,2,8,28,17
1985,8,3,0,28,18
1985,8,4,7.3,28.5,17
1985,8,5,5.3,28,18
1985,8,6,0.2,27,18
1985,8,7,0.1,29,17.5
1985,8,8,0,29,16.5
1985,8,9,3,30,16
1985,8,10,17.5,31.5,17.5
1985,8,11,1.5,29.5,16
1985,8,12,1,30,18
1985,8,13,17.6,30,18
1985,8,14,1,30,18.5
1985,8,15,0.2,29,20
1985,8,16,3.1,29,18
1985,8,17,2.9,29.5,18
1985,8,18,0.5,28.5,19
1985,8,19,3,29,17
1985,8,20,24.4,30,18
1985,8,21,10,28.5,19
1985,8,22,15.3,27,20
1985,8,23,38.8,28,20.5
1985,8,24,21.1,28,19.5
1985,8,25,6.4,29,19
1985,8,26,25.1,29,19
1985,8,27,25.2,29,19.5
1985,8,28,9.1,27,19
1985,8,29,0,28,18.5
1985,8,30,1.5,29,18
1985,8,31,1.6,30,19
1985,9,1,0,30,19
1985,9,2,0,29,18
1985,9,3,0,29.5,17.5
1985,9,4,0.5,29,17.5
1985,9,5,27.3,28,18.5
1985,9,6,0,28,19
1985,9,7,0,29,20
1985,9,8,11.4,30.5,21
1985,9,9,2.8,29,16
1985,9,10,3.4,28,17
1985,9,11,0,29,18
1985,9,12,19.7,29,18
1985,9,13,18.1,27,20
1985,9,14,19.3,30,18
1985,9,15,2.5,29,18
1985,9,16,2.5,28,18
1985,9,17,3.6,29,19
1985,9,18,1.8,27,19.5
1985,9,19,19.3,29,19.5
1985,9,20,32.8,29,18
1985,9,21,9.1,28,17
1985,9,22,0.3,28.5,18.5
1985,9,23,5,30,18
1985,9,24,23.4,27,19
1985,9,25,7.3,28,20.2
1985,9,26,11.5,29,19.8
1985,9,27,19,28.5,18.9
1985,9,28,5.4,28,20
1985,9,29,0.5,29,19
1985,9,30,3.9,30,18
1985,10,1,10.1,31,19
1985,10,2,2.6,30,19
1985,10,3,24,27,20
1985,10,4,2.2,27.5,19.7
1985,10,5,15.6,29,18.9
1985,10,6,0.9,28,19.6
1985,10,7,0.1,29,19.5
1985,10,8,0,29,16
1985,10,9,17.2,29.5,18
1985,10,10,0.2,28,18
1985,10,11,0.4,28,19
1985,10,12,0.1,29,20
1985,10,13,1,29.7,17
1985,10,14,0.1,28.5,16
1985,10,15,30.1,29.7,17
1985,10,16,18.4,25,18
1985,10,17,0,26.5,19
1985,10,18,5.1,27,18
1985,10,19,3.3,29,19
1985,10,20,8.6,29,21
1985,10,21,2.9,29,22
1985,10,22,4.8,27.5,16
1985,10,23,0,29,18
1985,10,24,0,30.5,18
1985,10,25,5.9,30,17.5
1985,10,26,0.8,29.5,16
1985,10,27,0,28.5,14.5
1985,10,28,0,28,16
1985,10,29,0,28,15.5
1985,10,30,0,29,18
1985,10,31,2.7,26.5,18
1985,11,1,0,32,18
1985,11,2,1.4,33,16.5
1985,11,3,24.6,26,17
1985,11,4,2.3,21,17
1985,11,5,0,20.5,16.5
1985,11,6,0,23,16.5
1985,11,7,0.7,28,16
1985,11,8,0,25,15
1985,11,9,0,26.5,16
1985,11,10,6,28,17
1985,11,11,10.1,28.5,18
1985,11,12,0,27.5,18
1985,11,13,7.6,27,17
1985,11,14,6.5,26.5,17
1985,11,15,10.2,26,18
1985,11,16,1.6,27,18
1985,11,17,6.3,25,18
1985,11,18,0.1,25.5,18.5
1985,11,19,0,25,13
1985,11,20,0.2,27,14
1985,11,21,0,26,15.5
1985,11,22,0,26,13.9
1985,11,23,0.2,26.5,15.2
1985,11,24,0.4,27,16.5
1985,11,25,0.8,27.5,15.1
1985,11,26,0,28,15
1985,11,27,0,27,15
1985,11,28,1,27,15.5
1985,11,29,0.4,28,16
1985,11,30,0,28.5,14
1985,12,1,26.4,29.5,15
1985,12,2,0.5,29.5,15
1985,12,3,0,26,17
1985,12,4,0,27,17.5
1985,12,5,0,27,16
1985,12,6,2.4,24,17
1985,12,7,1.5,23,17
1985,12,8,0.8,25,17.5
1985,12,9,0.3,24,18
1985,12,10,0,25.5,18.5
1985,12,11,0,27,16
1985,12,12,0,28,16
1985,12,13,10.2,30.5,16.5
1985,12,14,8,20,17
1985,12,15,1.1,20,15
1985,12,16,0.6,24,15
1985,12,17,0,25.5,16
1985,12,18,0.2,25,12.5
1985,12,19,0.2,24,14
1985,12,20,0,24,17
1985,12,21,0,26,17
1985,12,22,0,25.5,16.5
1985,12,23,1.7,26,13
1985,12,24,5.8,26,14
1985,12,25,21.2,24,16
1985,12,26,1.1,18,16.5
1985,12,27,0,23,15
1985,12,28,0,27,11
1985,12,29,1.8,27,12
1985,12,30,0.3,23,13
1985,12,31,0,25.5,14
1986,1,1,0,26,12.5
1986,1,2,0,26,13
1986,1,3,1.3,26.5,15
1986,1,4,0,26.5,14
1986,1,5,1,27.5,11.5
1986,1,6,0,25,11
1986,1,7,0,27.5,13.5
1986,1,8,1.4,28.5,15
1986,1,9,10.9,19.5,17
1986,1,10,0.4,21.5,16
1986,1,11,0,18.5,16
1986,1,12,1.6,21,10.5
1986,1,13,0.3,17,11.5
1986,1,14,0,18.5,13
1986,1,15,0.5,22,12
1986,1,16,0,21.5,13
1986,1,17,6.2,25,14
1986,1,18,3.9,27,15
1986,1,19,2.3,21,15
1986,1,20,0,25.5,14
1986,1,21,0,25,15
1986,1,22,0,26.5,15
1986,1,23,18.2,23,15.5
1986,1,24,3,21,16.5
1986,1,25,0.8,22,16.5
1986,1,26,6.1,20.5,16
1986,1,27,0.3,21,13
1986,1,28,0,22,6
1986,1,29,0.2,23,5
1986,1,30,2,25.5,5
1986,1,31,0.2,22,7
1986,2,1,0,25.5,11
1986,2,2,0,26,9
1986,2,3,0,27,10
1986,2,4,0,29,10.5
1986,2,5,0,30,12
1986,2,6,0,31.5,13
1986,2,7,0,28.5,14
1986,2,8,0.2,29,15
1986,2,9,0,29.5,14.5
1986,2,10,0,30,12
1986,2,11,0.8,30,13
1986,2,12,13.5,21,14.5
1986,2,13,3.6,20,9.5
1986,2,14,0,26,10.5
1986,2,15,3.9,27,16
1986,2,16,0,28,14
1986,2,17,0,29,13
1986,2,18,0,30.5,13.5
1986,2,19,0,30.5,15.5
1986,2,20,0,31,12
1986,2,21,0,31.5,13
1986,2,22,5.8,23,13.5
1986,2,23,13.3,31,9
1986,2,24,2.4,29.5,15
1986,2,25,0,26,10
1986,2,26,0,29,9
1986,2,27,0.2,29.5,9.5
1986,2,28,0.3,29.5,8
1986,3,1,0,26,7
1986,3,2,0,24,10
1986,3,3,0,28,5
1986,3,4,0,30,6
1986,3,5,0,26,9
1986,3,6,0,30.5,9
1986,3,7,0,27.5,10
1986,3,8,0,29,12
1986,3,9,0,31.5,13
1986,3,10,0,32,13
1986,3,11,0,32,11
1986,3,12,0,35.5,13
1986,3,13,0,35.5,9
1986,3,14,0,34,9
1986,3,15,0,35,8
1986,3,16,0,31,11
1986,3,17,0,31,15
1986,3,18,0,31.5,13
1986,3,19,0,34,14
1986,3,20,8.8,29,15
1986,3,21,2.8,17,16
1986,3,22,1,14,11
1986,3,23,0,19,9
1986,3,24,0,18,10
1986,3,25,0,21,12.5
1986,3,26,5.4,25.5,13
1986,3,27,3.5,19,14.5
1986,3,28,0,21,15
1986,3,29,0,24.5,15
1986,3,30,0,27.5,16
1986,3,31,0,30,12
1986,4,1,0,30,11
1986,4,2,0,30,12
1986,4,3,0,32,11
1986,4,4,0,33,14
1986,4,5,0.4,32,17
1986,4,6,0,32.5,19.5
1986,4,7,0,33,18.5
1986,4,8,0,32,19
1986,4,9,0,32,11
1986,4,10,0,32,11
1986,4,11,0,33,10
1986,4,12,0,35,10.5
1986,4,13,0,37,11
1986,4,14,0,36,12
1986,4,15,5.8,34,14
1986,4,16,0,31,17.5
1986,4,17,0,33,16
1986,4,18,0,34,14
1986,4,19,0,34,11
1986,4,20,0,33.5,12.5
1986,4,21,26,32.5,14
1986,4,22,0,32,16
1986,4,23,0.2,28.5,16
1986,4,24,3.2,30.5,15.5
1986,4,25,0.2,31,15
1986,4,26,5,31,16.5
1986,4,27,0,31.5,17.5
1986,4,28,0,32,18
1986,4,29,0,31,19
1986,4,30,0,31,16
1986,5,1,0,31.5,17
1986,5,2,0,29,17
1986,5,3,9,30,16
1986,5,4,0,29.5,17
1986,5,5,0,32.5,15
1986,5,6,0,33,16
1986,5,7,0,32,17.5
1986,5,8,0,32,18
1986,5,9,0,31.5,18.5
1986,5,10,0,32.5,18
1986,5,11,0,34,18
1986,5,12,0,34,17
1986,5,13,0,33,16
1986,5,14,0,33,18
1986,5,15,0,35,18
1986,5,16,0,35,16
1986,5,17,0,34,16
1986,5,18,0,34,17
1986,5,19,6.5,32,20
1986,5,20,38.4,32,19.3
1986,5,21,14.5,30,18.1
1986,5,22,11.9,30.5,19
1986,5,23,1.2,30,19
1986,5,24,2.2,31,19
1986,5,25,0.4,30.5,20
1986,5,26,22.4,32.5,19
1986,5,27,0.2,29,20
1986,5,28,13.5,31,20.5
1986,5,29,52.9,24,21
1986,5,30,62.6,26.5,19.5
1986,5,31,0,30.5,20
1986,6,1,0.4,30,19
1986,6,2,0,30,21
1986,6,3,17.4,30.5,20
1986,6,4,0,31,19
1986,6,5,8,32,18
1986,6,6,0.5,31.5,20.5
1986,6,7,5.1,31,20
1986,6,8,14.5,31,19
1986,6,9,32.4,31,18
1986,6,10,0,30,18.5
1986,6,11,1.1,29,18
1986,6,12,3,29,20
1986,6,13,0.5,28,19
1986,6,14,11.9,30.5,18
1986,6,15,0,28,18
1986,6,16,17.7,30,19
1986,6,17,5.8,27,18
1986,6,18,1.7,28,19
1986,6,19,21.3,29,18
1986,6,20,0.3,30,18
1986,6,21,8.7,29,18
1986,6,22,62.3,29,18.5
1986,6,23,42.9,29.5,17
1986,6,24,7.6,28,19
1986,6,25,20,28,19.5
1986,6,26,27.3,25,19
1986,6,27,2.5,27,20
1986,6,28,3.8,28,17
1986,6,29,7,28,17.5
1986,6,30,19.8,29,18
1986,7,1,39.6,28,20
1986,7,2,0.3,27,20
1986,7,3,0.8,27,18
1986,7,4,2.8,28,17.5
1986,7,5,9.6,27.5,19
1986,7,6,17.7,29,19
1986,7,7,9.7,25.5,19.5
1986,7,8,6.2,29,18.5
1986,7,9,6.8,29.5,19
1986,7,10,4.7,28,19
1986,7,11,12.5,29,20
1986,7,12,1.6,26,20
1986,7,13,25.5,29,18
1986,7,14,13.3,27,19
1986,7,15,40,26,19
1986,7,16,4.6,28,18
1986,7,17,1,27,18
1986,7,18,1.7,28,17
1986,7,19,11.5,28.5,18
1986,7,20,1.6,29,19
1986,7,21,0,29.5,17.5
1986,7,22,15.5,28,15
1986,7,23,34.9,25.5,18
1986,7,24,7,25,19
1986,7,25,0.7,28,19
1986,7,26,0.1,29,17
1986,7,27,0.9,29,19
1986,7,28,0,30,19
1986,7,29,0,30,18
1986,7,30,3.7,31,17.5
1986,7,31,8,30,18
1986,8,1,0,29.5,20
1986,8,2,0.3,30.5,17.5
1986,8,3,0,30,17
1986,8,4,12.5,29,18
1986,8,5,0,28,18
1986,8,6,2.4,29,16
1986,8,7,3.7,29,19
1986,8,8,9.3,24,20
1986,8,9,2,25.5,20
1986,8,10,4.2,29,20.5
1986,8,11,1.5,28,20
1986,8,12,11.4,29.5,18
1986,8,13,13.6,28,20
1986,8,14,0.5,28,19.7
1986,8,15,4.4,29,18.3
1986,8,16,16.6,30,18.8
1986,8,17,0.7,30.5,19
1986,8,18,2.5,31,19
1986,8,19,0.7,29.5,19
1986,8,20,10.4,30,17.5
1986,8,21,0,29,19
1986,8,22,8.2,30,19
1986,8,23,1,27,20
1986,8,24,16.5,29,18.5
1986,8,25,7.2,29,19.5
1986,8,26,12.8,29.5,19
1986,8,27,2.1,29,20
1986,8,28,0.9,28,20
1986,8,29,20.3,30,19.5
1986,8,30,10.1,29,19
1986,8,31,15.3,29,19.5
1986,9,1,15.5,29.5,18
1986,9,2,4,28.5,19
1986,9,3,9.8,29,20
1986,9,4,12,29.5,20
1986,9,5,14.5,28.5,18
1986,9,6,0.8,29.5,17.5
1986,9,7,5.2,29,18.5
1986,9,8,1.8,29,20
1986,9,9,0.9,28,20
1986,9,10,5.9,26.5,20
1986,9,11,9.9,28.5,19.5
1986,9,12,14,27.5,20
1986,9,13,20,26,19.5
1986,9,14,14.2,28,18
1986,9,15,9.3,28,18.5
1986,9,16,29.6,27,18
1986,9,17,32.2,21,18
1986,9,18,16.4,25,19
1986,9,19,0.8,28,17.5
1986,9,20,10.8,25,18
1986,9,21,23.8,22.5,18
1986,9,22,2.8,28.5,19
1986,9,23,0.1,28,18.5
1986,9,24,3.3,29,17
1986,9,25,0.6,29.5,17
1986,9,26,22.8,30.5,19
1986,9,27,35.5,24.5,20
1986,9,28,17,25,20
1986,9,29,0,27.5,20.5
1986,9,30,0.6,27.5,20
1986,10,1,0.5,29,20
1986,10,2,0.4,27,17
1986,10,3,30.7,27.5,18.5
1986,10,4,7.9,28.5,19
1986,10,5,0.5,28.5,19
1986,10,6,3,28,19
1986,10,7,3.1,29,18.5
1986,10,8,5.9,27,18.5
1986,10,9,13.9,30,19.5
1986,10,10,0.2,29,17
1986,10,11,0,29,16
1986,10,12,0,29.5,14.5
1986,10,13,0,29,17
1986,10,14,1.3,27.5,18
1986,10,15,8,29,19
1986,10,16,20.5,29,18
1986,10,17,0.3,28,19
1986,10,18,0,24.5,18
1986,10,19,0,27,16
1986,10,20,0.4,23,14.5
1986,10,21,0.7,26.5,16.5
1986,10,22,0,27,18
1986,10,23,0,29,18
1986,10,24,2,31.5,19
1986,10,25,8.8,30,19
1986,10,26,30,28,19
1986,10,27,12,28,17
1986,10,28,0.8,23,18
1986,10,29,2.4,23,18
1986,10,30,0,23,16.5
1986,10,31,0,25.5,16.5
1986,11,1,22.7,23,18
1986,11,2,13.7,26.5,18.5
1986,11,3,0.2,26.5,18.5
1986,11,4,0,27.5,15.5
1986,11,5,0,28,15.5
1986,11,6,0,28,15.5
1986,11,7,0,26.5,16
1986,11,8,0,28.5,15.5
1986,11,9,0.2,28,15.5
1986,11,10,4.6,28,18
1986,11,11,18.5,28.5,18.5
1986,11,12,13.4,27,20
1986,11,13,11.3,24,19
1986,11,14,23.7,27,18.5
1986,11,15,14.5,26,18.7
1986,11,16,2.9,28.5,18.1
1986,11,17,0.3,27.5,19.5
1986,11,18,0.7,28,19
1986,11,19,1.2,27.5,16.5
1986,11,20,0,28,18
1986,11,21,9.5,28.5,18.5
1986,11,22,0,27,18.5
1986,11,23,0,28,16
1986,11,24,0.1,28.5,17
1986,11,25,0,29,17.5
1986,11,26,0.3,29,16.5
1986,11,27,0,28,17
1986,11,28,0,24,16.5
1986,11,29,0,22,16.5
1986,11,30,0,24,12.5
1986,12,1,0,28.5,15
1986,12,2,3,27,15
1986,12,3,3,22,17
1986,12,4,0,24,16
1986,12,5,0,25,15.5
1986,12,6,0,26,13.5
1986,12,7,0,26,14.5
1986,12,8,0,28,16
1986,12,9,0,28,17
1986,12,10,0,28.5,16.5
1986,12,11,1.4,25,18
1986,12,12,2.9,28,18
1986,12,13,15.3,24,17.5
1986,12,14,0.2,24.5,17.5
1986,12,15,0,25,15.5
1986,12,16,0.3,24,15.5
1986,12,17,0,25,16
1986,12,18,0,27,16.5
1986,12,19,0,27,14
1986,12,20,1.1,26,12
1986,12,21,0.2,27,13
1986,12,22,0.2,26,14
1986,12,23,0,26,14.5
1986,12,24,0,24.5,14
1986,12,25,0,25,13
1986,12,26,0.8,26,13.5
1986,12,27,0,27.5,14.5
1986,12,28,0,28,16
1986,12,29,0,25,17
1986,12,30,0,28,14
1986,12,31,0.1,28,11
1987,1,1,0.9,25,11.5
1987,1,2,0,26,11
1987,1,3,0,26,12
1987,1,4,0,29,11.5
1987,1,5,0,29,9.5
1987,1,6,0,23,11
1987,1,7,0,24.5,9
1987,1,8,0,25,7
1987,1,9,0,27,8
1987,1,10,0,28,10
1987,1,11,0,28,10
1987,1,12,4.2,18,11
1987,1,13,0.2,22,15
1987,1,14,0.1,24.5,14
1987,1,15,0.1,28.5,11
1987,1,16,0,31,10.5
1987,1,17,0,31,11
1987,1,18,0,32,10
1987,1,19,0,28,11
1987,1,20,0,26.5,14.5
1987,1,21,0,31,10.5
1987,1,22,0.4,21.5,9.5
1987,1,23,0,19,12
1987,1,24,0.1,24.5,13
1987,1,25,0,29,10
1987,1,26,0,25.5,8
1987,1,27,0,23.5,5
1987,1,28,0,25,4.5
1987,1,29,0,25,6
1987,1,30,0.3,27,6.5
1987,1,31,2,19.5,9
1987,2,1,0,26.5,16
1987,2,2,0,28.5,12
1987,2,3,0,27,13
1987,2,4,0,29.5,11
1987,2,5,0,31,12
1987,2,6,1.4,27.5,14
1987,2,7,1,19,16
1987,2,8,0,20,7.5
1987,2,9,0,25,12.5
1987,2,10,0,21.5,12.5
1987,2,11,0,23.5,13
1987,2,12,0,26,14
1987,2,13,0,26,15
1987,2,14,0,25.5,10
1987,2,15,0,26.5,12
1987,2,16,0,31,11
1987,2,17,5.2,34,13
1987,2,18,0.6,24,18
1987,2,19,0,27,18
1987,2,20,0,28,12
1987,2,21,0,29.5,14
1987,2,22,0,30.5,14
1987,2,23,0,27,13.5
1987,2,24,0,29,13.5
1987,2,25,0,29,13
1987,2,26,0,31,14
1987,2,27,0,32,15
1987,2,28,0,28,13
1987,3,1,0.3,28,15
1987,3,2,4.9,23,15
1987,3,3,0.6,27,18.5
1987,3,4,1,22,18.5
1987,3,5,8.1,21,15
1987,3,6,0.3,19.5,14.5
1987,3,7,0,27,11.5
1987,3,8,0,30,10
1987,3,9,0,32,11
1987,3,10,0,31,14
1987,3,11,36.5,31,16
1987,3,12,7.5,24.5,16
1987,3,13,0,20,11.5
1987,3,14,0,26,13.5
1987,3,15,0,30.5,9
1987,3,16,0,31,11.5
1987,3,17,0,34.5,13.5
1987,3,18,0,34,13.5
1987,3,19,0,29,15.5
1987,3,20,0,33,17
1987,3,21,0,35.5,17.5
1987,3,22,0,35,16
1987,3,23,0,39,16
1987,3,24,0,33,13
1987,3,25,0,35,14
1987,3,26,0,37.5,16.5
1987,3,27,1.9,37.5,15.5
1987,3,28,21.6,33,16
1987,3,29,0.4,34.5,19
1987,3,30,0,32,18.5
1987,3,31,0,19,15
1987,4,1,0,19,13
1987,4,2,0,30,12
1987,4,3,37.8,29,12.4
1987,4,4,0,25,16
1987,4,5,0,27.5,18
1987,4,6,0,30,14
1987,4,7,0.3,30,16.5
1987,4,8,0.1,23,18
1987,4,9,0,30,18
1987,4,10,0,29.5,14
1987,4,11,0,31,15
1987,4,12,11.8,32.5,15.5
1987,4,13,11.8,33.5,17
1987,4,14,21,32.5,17.5
1987,4,15,0,27.5,18
1987,4,16,0,29,20
1987,4,17,0,32.5,16
1987,4,18,0,31,17
1987,4,19,0,31,17
1987,4,20,0,31,15
1987,4,21,0,30,15
1987,4,22,0,27,16
1987,4,23,0,21,14
1987,4,24,0,29,15
1987,4,25,0,30.5,16
1987,4,26,0,29,18
1987,4,27,0,26,15
1987,4,28,0,25.5,14
1987,4,29,0,26,13
1987,4,30,0,29,11.5
1987,5,1,0,33,14
1987,5,2,0,33,16
1987,5,3,0,34,15
1987,5,4,0,31.5,15
1987,5,5,0.5,33,17
1987,5,6,0,31,17
1987,5,7,0,31,14
1987,5,8,11.2,28,15
1987,5,9,3.6,28.5,17
1987,5,10,0,30.5,18
1987,5,11,0,32,15
1987,5,12,0,31,14
1987,5,13,0,31,17.5
1987,5,14,0,31,16
1987,5,15,0,29,14
1987,5,16,0,31,11
1987,5,17,0,32,14
1987,5,18,0,33,14
1987,5,19,0,31,15
1987,5,20,0,32,17
1987,5,21,2.6,32,16
1987,5,22,0.6,31,17
1987,5,23,0.2,29,19.5
1987,5,24,1.8,31,20
1987,5,25,0,30,19
1987,5,26,0,32,19
1987,5,27,0,31,17
1987,5,28,0.2,33.5,18
1987,5,29,0,34,18
1987,5,30,0.8,34,20
1987,5,31,0,32,21
1987,6,1,20,33.5,17.5
1987,6,2,29.5,29,19
1987,6,3,29.9,30,19
1987,6,4,31.7,29,19
1987,6,5,13.8,29,18.5
1987,6,6,38.8,28.5,19.5
1987,6,7,41.2,28,20
1987,6,8,6.3,28,20
1987,6,9,26.7,30,20.5
1987,6,10,6.1,32,20.5
1987,6,11,34.9,29,21
1987,6,12,4.4,29,21
1987,6,13,0,30,20
1987,6,14,20.6,30,21.5
1987,6,15,27.5,31.5,20
1987,6,16,1.7,31,20
1987,6,17,36.6,31,21
1987,6,18,25,31,21
1987,6,19,17,27,20
1987,6,20,2.5,31,20
1987,6,21,7.4,31,19
1987,6,22,31.5,32,19
1987,6,23,0.1,31.5,19
1987,6,24,0,32,20
1987,6,25,0.5,31,21
1987,6,26,42.8,31,20
1987,6,27,0.5,31,20
1987,6,28,0.8,30,20
1987,6,29,3.6,29.5,21
1987,6,30,0.5,29,21
1987,7,1,1.2,30.5,20.5
1987,7,2,9.4,28,20.5
1987,7,3,8.8,27,20
1987,7,4,10.6,28.5,21
1987,7,5,22.2,29,21
1987,7,6,0,30,19
1987,7,7,0.9,30,19.5
1987,7,8,0.3,28.5,20.5
1987,7,9,4.5,29,19
1987,7,10,10.2,29,17.7
1987,7,11,39.2,24,17.7
1987,7,12,27,29,19.6
1987,7,13,36,28.5,18.1
1987,7,14,15.4,28.8,18.5
1987,7,15,3.7,28.8,20
1987,7,16,0.6,28,19
1987,7,17,0.2,28.5,18
1987,7,18,9.9,29,19.5
1987,7,19,14.2,26,20
1987,7,20,9.5,28,19.5
1987,7,21,46,25.5,20
1987,7,22,10.2,23.5,18.5
1987,7,23,0.2,29,18
1987,7,24,18.5,29,18
1987,7,25,12.5,29,19
1987,7,26,0.4,28.5,20.5
1987,7,27,0.9,27,19
1987,7,28,2.9,28,21
1987,7,29,9.7,29,18
1987,7,30,20.4,29,19.5
1987,7,31,13.2,27,20
1987,8,1,0.5,27,19.5
1987,8,2,2.8,30,18
1987,8,3,0.4,29.5,20
1987,8,4,25.5,27,20.5
1987,8,5,7.8,27,20
1987,8,6,42.3,29.5,19.5
1987,8,7,18.3,29,20.5
1987,8,8,32.3,30,20
1987,8,9,7,29.5,20.5
1987,8,10,0.1,30,19
1987,8,11,0,31,17.5
1987,8,12,4.7,30.5,17.5
1987,8,13,1.5,30.5,16.5
1987,8,14,0,30,18
1987,8,15,17,29,19.5
1987,8,16,6.3,29.5,20
1987,8,17,29.7,29.5,18.5
1987,8,18,20.9,30.5,19
1987,8,19,16.2,29.5,20
1987,8,20,6.8,27.5,20
1987,8,21,13.2,28,20
1987,8,22,12,29,20.5
1987,8,23,0,28,19
1987,8,24,1.2,29,19
1987,8,25,8.5,29,18.5
1987,8,26,40,28,19.5
1987,8,27,13.6,26,18
1987,8,28,4.8,27.5,19
1987,8,29,0.6,28,20
1987,8,30,1.2,29,18.5
1987,8,31,0.4,29,19
1987,9,1,0,29.5,17
1987,9,2,12.5,30,19.5
1987,9,3,16.6,29,20
1987,9,4,38,29.5,20
1987,9,5,7.7,29.5,20
1987,9,6,41.9,28,21
1987,9,7,80.2,28.5,19
1987,9,8,3.6,29.5,20
1987,9,9,5.7,28.5,20.3
1987,9,10,55.4,28.5,20.2
1987,9,11,2.7,30.5,20
1987,9,12,0,30,19
1987,9,13,11.2,30.5,20
1987,9,14,0,30,19
1987,9,15,5,30.5,19.5
1987,9,16,2.1,30.5,20.5
1987,9,17,3,30,18
1987,9,18,4.5,30.5,17
1987,9,19,0,31,18
1987,9,20,10.9,31,20
1987,9,21,16.1,30.5,20
1987,9,22,27.9,30,20.5
1987,9,23,3.7,30,19
1987,9,24,10.4,28,20
1987,9,25,0.2,29,18
1987,9,26,8,31,18.5
1987,9,27,0,30,18.9
1987,9,28,5.8,31,18
1987,9,29,11.5,32,20
1987,9,30,17.5,31.5,18.5
1987,10,1,0,26,20
1987,10,2,0,26,19
1987,10,3,0.4,24,20
1987,10,4,2.1,25.5,17.5
1987,10,5,0,23.5,16
1987,10,6,0,28,18
1987,10,7,0,24.5,15
1987,10,8,0,28,14
1987,10,9,0,25,13
1987,10,10,0,25,15
1987,10,11,5.5,27,16
1987,10,12,1.3,27.5,18
1987,10,13,0,27,17
1987,10,14,0,25,15
1987,10,15,0,24,14
1987,10,16,0,26.5,16
1987,10,17,0,26,17
1987,10,18,0,25,14
1987,10,19,0,28,16.4
1987,10,20,8.7,29.5,12
1987,10,21,9.7,25,17
1987,10,22,1.8,23.5,18
1987,10,23,1.5,26,18
1987,10,24,18.7,28,16
1987,10,25,0,28.5,18.5
1987,10,26,0,27,16.5
1987,10,27,0.6,30,18.5
1987,10,28,7.2,29,15
1987,10,29,0.7,20,16
1987,10,30,0,25,10
1987,10,31,0,24,12
1987,11,1,0,26,12
1987,11,2,0,28,14
1987,11,3,0,29,10
1987,11,4,0,26,12
1987,11,5,0,28,14
1987,11,6,0.1,26,14
1987,11,7,0,27,10
1987,11,8,0.1,27,10
1987,11,9,0,30,12
1987,11,10,2,25,13.5
1987,11,11,7.8,22,16
1987,11,12,0,22,16
1987,11,13,0,23.5,16
1987,11,14,0,25,15.5
1987,11,15,0,27,15
1987,11,16,0,29,16
1987,11,17,0,31,16.5
1987,11,18,1,27,18
1987,11,19,8.8,29,18
1987,11,20,5,24,18.5
1987,11,21,0,25,16
1987,11,22,0,30,18
1987,11,23,1.4,27,14
1987,11,24,7.6,24.5,17.5
1987,11,25,0.3,27.5,17.5
1987,11,26,0,28,12.5
1987,11,27,1,29,14.5
1987,11,28,12,27,18
1987,11,29,0,26,19
1987,11,30,0,29,15
1987,12,1,0,26,16.5
1987,12,2,1.1,24.5,19.5
1987,12,3,6,22,19.5
1987,12,4,0,26.5,17.5
1987,12,5,0,23,17.5
1987,12,6,0,25.5,15
1987,12,7,0.4,29.5,15
1987,12,8,0,26.5,13
1987,12,9,0,27.5,15
1987,12,10,0,25.5,15.5
1987,12,11,0,25.5,12
1987,12,12,0.1,28.5,10
1987,12,13,0.1,29,11
1987,12,14,0,31.5,10
1987,12,15,0,31,10
1987,12,16,0.8,23,12
1987,12,17,8.4,23,18
1987,12,18,2.1,22.5,17
1987,12,19,0,27,17
1987,12,20,0,28.5,15.5
1987,12,21,0.3,25,16.5
1987,12,22,3,28,17.5
1987,12,23,0.5,26.5,18
1987,12,24,0,28,17
1987,12,25,0,28,16
1987,12,26,0,28.5,15
1987,12,27,5.3,26.5,14.5
1987,12,28,16.7,26,15
1987,12,29,36.9,20,15
1987,12,30,0.1,27,14.5
1987,12,31,0,25,11
1988,1,1,4.2,22,12
1988,1,2,0.4,22.5,16.5
1988,1,3,0.3,26,17
1988,1,4,15.2,21,17
1988,1,5,12,20,16.5
1988,1,6,1.2,23,17
1988,1,7,0,25,17
1988,1,8,0,26,15.5
1988,1,9,0,27,17
1988,1,10,0,28,18
1988,1,11,0.3,24,17
1988,1,12,1.2,27,17
1988,1,13,31,27,18
1988,1,14,8.8,26,18
1988,1,15,2,21,17.5
1988,1,16,0,27,16
1988,1,17,0,29,16
1988,1,18,0,29.5,15.5
1988,1,19,0.1,29.5,15
1988,1,20,0,30,12.5
1988,1,21,2.4,24.5,13
1988,1,22,0.8,21,17
1988,1,23,0.1,19,16
1988,1,24,20.5,28.5,16
1988,1,25,2,17,16
1988,1,26,0.2,15,12.5
1988,1,27,0.7,13,11
1988,1,28,0.5,16,11.5
1988,1,29,0.5,20.5,11.5
1988,1,30,0,23,12.5
1988,1,31,0,26.5,12
1988,2,1,0,27,12.5
1988,2,2,3.8,28.5,13.5
1988,2,3,21,26,14.5
1988,2,4,0.5,28,18
1988,2,5,0,27.5,17
1988,2,6,1,21,15
1988,2,7,0.5,22,14.5
1988,2,8,3.9,24,15
1988,2,9,2.5,25,17
1988,2,10,0.1,23.5,16
1988,2,11,3,26.5,16.5
1988,2,12,11.4,21,15.5
1988,2,13,0.8,23,16
1988,2,14,0.1,24,10.5
1988,2,15,0,31,12.5
1988,2,16,0,27,13
1988,2,17,0,28,16.5
1988,2,18,0,29.5,14.5
1988,2,19,0,31.5,16
1988,2,20,0,31,15
1988,2,21,0,19,15.5
1988,2,22,0,22,13
1988,2,23,0,31,11
1988,2,24,7.2,29,12
1988,2,25,11.3,23.5,16
1988,2,26,0.9,21,18
1988,2,27,0,25,14
1988,2,28,0,25.5,10
1988,2,29,0,26,11
1988,3,1,0,26.5,11
1988,3,2,0,27,11
1988,3,3,0,32,10
1988,3,4,2.3,32,11
1988,3,5,0,30,15
1988,3,6,0,28,15
1988,3,7,0.3,27.5,16.5
1988,3,8,0,30,13.5
1988,3,9,20.9,32,14.5
1988,3,10,0,24,14.5
1988,3,11,0.3,29,19
1988,3,12,10.7,34,15
1988,3,13,0,32,15.5
1988,3,14,5.2,24,18.5
1988,3,15,0,22.5,18
1988,3,16,2,25.5,17
1988,3,17,0,26,18.5
1988,3,18,22.4,31.5,17
1988,3,19,0,19,17.5
1988,3,20,0,24,13
1988,3,21,0,25,14
1988,3,22,0,26,15
1988,3,23,0,28,14
1988,3,24,7,30,15
1988,3,25,0,29,15.5
1988,3,26,2.7,29,13
1988,3,27,0,28,15
1988,3,28,0,28,16
1988,3,29,0,29,14
1988,3,30,0.2,32,15
1988,3,31,0,30,15
1988,4,1,0,32.5,14.5
1988,4,2,0,32,16.5
1988,4,3,0,32,18
1988,4,4,0,33,17
1988,4,5,0,34,16
1988,4,6,0,32,17
1988,4,7,0,29.5,18
1988,4,8,0,28,16
1988,4,9,31.9,29,18
1988,4,10,0.1,30,16.5
1988,4,11,2.1,22,18
1988,4,12,0.7,21,16
1988,4,13,0,26.5,16
1988,4,14,0,29,12.5
1988,4,15,8.8,30.5,14.5
1988,4,16,1.4,31,18
1988,4,17,0.5,31.5,17
1988,4,18,0,33.5,18.5
1988,4,19,0.2,33.5,16
1988,4,20,0,33,19
1988,4,21,0,33,17
1988,4,22,0,35,17
1988,4,23,0,35,16
1988,4,24,0,35.5,18
1988,4,25,0,34,16.5
1988,4,26,0,34,19
1988,4,27,2.5,34,18.5
1988,4,28,0,33,18.5
1988,4,29,0,32.5,17
1988,4,30,21,38,16
1988,5,1,1.2,34,16
1988,5,2,0,32,16
1988,5,3,0,32,19
1988,5,4,0,31,20
1988,5,5,0,29.5,19
1988,5,6,0,30,19.5
1988,5,7,0,32,17
1988,5,8,0,34,10.5
1988,5,9,0,33.5,11
1988,5,10,0,34,13
1988,5,11,0,33,14
1988,5,12,0,33,14
1988,5,13,0,31,19
1988,5,14,0,31,20
1988,5,15,6.7,31,19
1988,5,16,1.4,30,18.5
1988,5,17,0,31,18
1988,5,18,0,32,18.5
1988,5,19,0,31.5,18
1988,5,20,0,30.5,16.5
1988,5,21,0,31.5,17.5
1988,5,22,0,34,14
1988,5,23,0.8,32.5,17.5
1988,5,24,0,33.5,18
1988,5,25,0,34.5,17
1988,5,26,0.7,33,19.5
1988,5,27,0,33,19.5
1988,5,28,5.6,32.5,20
1988,5,29,20.6,32,19.5
1988,5,30,0,33,19
1988,5,31,0,35,17.5
1988,6,1,0,34,17
1988,6,2,0.2,34.1,17.2
1988,6,3,3.3,33.5,17.6
1988,6,4,2.5,32.8,17.5
1988,6,5,15.2,32.6,17.6
1988,6,6,5.7,31.6,19.4
1988,6,7,26.3,31.7,20.5
1988,6,8,0,30.1,20.1
1988,6,9,17.4,31.6,19.8
1988,6,10,32.7,30.9,17.6
1988,6,11,13.3,28.6,18.3
1988,6,12,4.7,29.3,19.2
1988,6,13,25.6,28.9,21.1
1988,6,14,28.4,29.8,19.9
1988,6,15,26.1,28.1,20.7
1988,6,16,16.2,28.5,19.6
1988,6,17,14.9,29.7,19.9
1988,6,18,40.3,28.7,20.7
1988,6,19,16.3,29.8,20.5
1988,6,20,14.5,29.3,19.8
1988,6,21,15.5,28.6,19.1
1988,6,22,3.3,30.5,19.1
1988,6,23,2.5,29,20.6
1988,6,24,9.6,29.1,20.1
1988,6,25,2,30.1,19.6
1988,6,26,11.3,30.7,18.8
1988,6,27,10.6,31.6,17.7
1988,6,28,24.8,30.2,19.1
1988,6,29,12.1,30.3,18.9
1988,6,30,9.9,30.5,20.3
1988,7,1,4.4,31.4,19.1
1988,7,2,14.8,31.1,19.6
1988,7,3,10.8,30.2,20.3
1988,7,4,1.3,28.4,20.6
1988,7,5,1.2,30.6,19.5
1988,7,6,6.8,30.1,19.3
1988,7,7,15.3,30.2,18.8
1988,7,8,0,30.8,18.6
1988,7,9,3,30,19.5
1988,7,10,6.8,30.4,19.4
1988,7,11,1.1,29.2,20
1988,7,12,0.5,30,18.3
1988,7,13,29.7,29.5,20.3
1988,7,14,3.4,30.3,19.3
1988,7,15,3.2,29.8,20.1
1988,7,16,8.3,31.6,19.8
1988,7,17,0.2,30.3,19.1
1988,7,18,10.4,30.1,21.1
1988,7,19,9.4,31.2,19.8
1988,7,20,0,30.2,19.4
1988,7,21,0,30.4,17.7
1988,7,22,0,28.7,19.5
1988,7,23,3.2,29.7,17.4
1988,7,24,29.7,27.7,19.1
1988,7,25,2.7,28.5,20.2
1988,7,26,0,29,18.6
1988,7,27,8.6,29.1,19
1988,7,28,8.4,29.8,19.4
1988,7,29,16.3,31.9,18.1
1988,7,30,2.3,32.1,19.1
1988,7,31,6.8,30.4,20.6
1988,8,1,20.6,29,19
1988,8,2,7.8,30,20
1988,8,3,13.2,29,20
1988,8,4,3.4,28.5,20
1988,8,5,0.1,30.5,17
1988,8,6,47.3,28,18.5
1988,8,7,16.4,28.5,20
1988,8,8,51.2,29,20.5
1988,8,9,0.1,30.5,20.5
1988,8,10,16.4,31,19
1988,8,11,7.9,27.5,20.5
1988,8,12,22,29,20.2
1988,8,13,27.1,29,19.9
1988,8,14,8.9,28,18.9
1988,8,15,7.2,30.5,18.1
1988,8,16,3.3,31,19.2
1988,8,17,6.3,31,20
1988,8,18,0.3,30.5,19
1988,8,19,1.4,31.5,20
1988,8,20,4.4,31,19
1988,8,21,0,32,18.5
1988,8,22,45.5,31.5,19.5
1988,8,23,13.4,29.5,20.5
1988,8,24,11.2,30,19.5
1988,8,25,38.7,28,20
1988,8,26,17.9,28,20
1988,8,27,7.2,29.5,20
1988,8,28,12.4,30.5,21
1988,8,29,15.5,29,19
1988,8,30,10.1,29,19.5
1988,8,31,33.1,28,20
1988,9,1,51.4,29,20
1988,9,2,24.9,28,20.5
1988,9,3,1.2,30.5,20.5
1988,9,4,1.3,32,20.5
1988,9,5,3,32,21
1988,9,6,17.8,28,20
1988,9,7,16.1,26.5,20.7
1988,9,8,7.5,26.5,19.2
1988,9,9,2.2,24,19.7
1988,9,10,1.8,24.5,19.5
1988,9,11,18,27.5,19
1988,9,12,13.5,27,19.5
1988,9,13,0.5,29.5,20
1988,9,14,0,28,18
1988,9,15,0,29,17
1988,9,16,0.1,31.5,16.5
1988,9,17,7,30,18.5
1988,9,18,1.3,29.5,20.5
1988,9,19,0,29,18.5
1988,9,20,15.2,30,17.5
1988,9,21,0.1,29.5,19
1988,9,22,5.6,30,18.5
1988,9,23,0,30,18.5
1988,9,24,12.5,31,16.5
1988,9,25,45.2,29,19
1988,9,26,23.1,26.5,19.5
1988,9,27,8.2,29,19.1
1988,9,28,7.9,27,19.1
1988,9,29,8.3,29,18.5
1988,9,30,20,29.5,20
1988,10,1,11.5,27,20
1988,10,2,0.6,28.5,18.5
1988,10,3,28.8,29,20
1988,10,4,11.5,27.5,20
1988,10,5,14.5,28.5,19.5
1988,10,6,17.3,26.5,19.5
1988,10,7,3.1,23.5,19
1988,10,8,0,23.5,18.5
1988,10,9,7.6,30,17
1988,10,10,2.1,24,19
1988,10,11,0,27,15.5
1988,10,12,0,26,16.5
1988,10,13,0,22,16
1988,10,14,0,24.5,16.5
1988,10,15,0,25,14
1988,10,16,0,25,16
1988,10,17,0,27.5,17
1988,10,18,1.2,26.5,15.5
1988,10,19,0.1,25,17.5
1988,10,20,0,27,13.5
1988,10,21,16.7,27,15
1988,10,22,0.4,28,17
1988,10,23,0,28.5,16
1988,10,24,29.5,28,16
1988,10,25,0.5,28.5,18
1988,10,26,7.9,28.5,19.5
1988,10,27,20,30,20.5
1988,10,28,7.8,27,19
1988,10,29,1,27,20
1988,10,30,0,28.5,19
1988,10,31,0,27.5,16.5
1988,11,1,0,28.5,17
1988,11,2,0,27.5,17
1988,11,3,0,29.5,16.5
1988,11,4,0,29.5,15
1988,11,5,0,31.5,12
1988,11,6,1.5,30.5,13.5
1988,11,7,0,28,16
1988,11,8,7.7,26.5,14.5
1988,11,9,1,28,15.5
1988,11,10,9.1,26.5,18
1988,11,11,0,27,19
1988,11,12,0,28.5,18
1988,11,13,23,29.5,16.5
1988,11,14,2,27,16.5
1988,11,15,0,27.5,17
1988,11,16,0,29,15
1988,11,17,0,28.5,16.5
1988,11,18,0,28.5,17.5
1988,11,19,0,29,18
1988,11,20,3,29.5,18
1988,11,21,1.4,29.5,19
1988,11,22,0,22.5,18
1988,11,23,0,24.5,16
1988,11,24,0,25,14
1988,11,25,0,27,12.5
1988,11,26,0.1,30.5,14.5
1988,11,27,0.1,31.5,13.5
1988,11,28,7.1,28.5,13.5
1988,11,29,0.6,26,15.5
1988,11,30,6.7,25,17.5
1988,12,1,3.9,24.5,16.5
1988,12,2,1.1,23,16.5
1988,12,3,0,21,15
1988,12,4,0,23.5,12.5
1988,12,5,0,18,14
1988,12,6,0,21,15
1988,12,7,0,25.5,13.5
1988,12,8,0,28,12.5
1988,12,9,1,28,15
1988,12,10,1.6,23.5,17
1988,12,11,0,26,15
1988,12,12,2.9,28.5,13.5
1988,12,13,2.6,21.5,14
1988,12,14,0.1,23,14.5
1988,12,15,0,28,12.5
1988,12,16,0,27,13
1988,12,17,1.6,26,15
1988,12,18,0,22.5,14
1988,12,19,0,23,13
1988,12,20,0,26.5,11
1988,12,21,7,26,12
1988,12,22,1.4,24,16
1988,12,23,1.9,25,14
1988,12,24,1.3,25.5,15.5
1988,12,25,0.2,26,14
1988,12,26,0,24.5,11.5
1988,12,27,0,26.5,14
1988,12,28,8.7,29,15
1988,12,29,1.1,20,16
1988,12,30,0,26,17
1988,12,31,0.8,28,13
1989,1,1,0,24,13.5
1989,1,2,4.1,25,15
1989,1,3,0,25,16
1989,1,4,0.2,26.5,14
1989,1,5,0,26.5,15
1989,1,6,0,27.5,12
1989,1,7,0,26,10.5
1989,1,8,0,28,12
1989,1,9,0,26,11.5
1989,1,10,7.2,26.5,13
1989,1,11,0.1,25,15
1989,1,12,0.1,26,12
1989,1,13,1,23,12
1989,1,14,7,23.5,13
1989,1,15,5.4,27,16.5
1989,1,16,13.2,25,17
1989,1,17,1.2,27,17.5
1989,1,18,2.8,22,16.5
1989,1,19,0.9,25.5,14.5
1989,1,20,5.6,27,15
1989,1,21,1.4,23.5,17
1989,1,22,3,21.5,17
1989,1,23,0,24.5,16
1989,1,24,3.8,26.5,14
1989,1,25,0.1,26,15
1989,1,26,4,26,17.5
1989,1,27,0.3,23.5,17.5
1989,1,28,0,24.5,17
1989,1,29,0,26.5,15
1989,1,30,0.4,27,14.5
1989,1,31,0,25.5,15
1989,2,1,0,26.5,16
1989,2,2,0,28,13
1989,2,3,0,27,14
1989,2,4,1,23.5,13
1989,2,5,0,27,14
1989,2,6,0.3,27,12.5
1989,2,7,18.6,28,13
1989,2,8,9.9,19.5,15.5
1989,2,9,3.3,23,16.5
1989,2,10,4.6,25,15
1989,2,11,8.5,23,15
1989,2,12,0,24,15
1989,2,13,0,26.5,15.5
1989,2,14,0,27,15
1989,2,15,0.2,27.5,13
1989,2,16,1.1,27,12
1989,2,17,6.7,24.5,13
1989,2,18,0.6,26,16.5
1989,2,19,0.1,27,14.5
1989,2,20,0.1,28,11.5
1989,2,21,5.2,31.5,12.5
1989,2,22,5.3,23,12
1989,2,23,0.1,17.5,12
1989,2,24,0,20,7
1989,2,25,0,23,5.5
1989,2,26,0,23,6.5
1989,2,27,0.1,27,7
1989,2,28,0,32,8.5
1989,3,1,0.1,32.5,8
1989,3,2,0,31.5,10
1989,3,3,0,33,14
1989,3,4,0,34,9.5
1989,3,5,0,32.5,8
1989,3,6,0.1,24,10.5
1989,3,7,0,23,15
1989,3,8,0,20.5,13.5
1989,3,9,0,23.5,8
1989,3,10,0,21.5,10
1989,3,11,0,24.5,7.5
1989,3,12,0,25.5,6.5
1989,3,13,0,27.5,5.5
1989,3,14,0,29,6.5
1989,3,15,0,32,9
1989,3,16,0,31,11
1989,3,17,0,29,15
1989,3,18,0,30,10.5
1989,3,19,0,30,9.5
1989,3,20,0,31,11
1989,3,21,0,33.5,11
1989,3,22,4.2,32.5,11
1989,3,23,0,32,18
1989,3,24,0,28.5,16
1989,3,25,0,30,12
1989,3,26,0,32,13
1989,3,27,0,32,16
1989,3,28,0,33.5,15.5
1989,3,29,5.9,34.5,15
1989,3,30,0,33,18.5
1989,3,31,27.3,32,16.5
1989,4,1,0,31,17
1989,4,2,0,29,18
1989,4,3,0,30,13
1989,4,4,0,31.5,12
1989,4,5,2.5,31,15
1989,4,6,0,27,16
1989,4,7,3,28,16
1989,4,8,0,30.5,15.5
1989,4,9,4.9,34,13
1989,4,10,10.1,32,15
1989,4,11,3.5,30,16
1989,4,12,0,29,18
1989,4,13,56.3,31,15.5
1989,4,14,0,30,17
1989,4,15,0,31.5,17.5
1989,4,16,1.2,29,16
1989,4,17,11.7,31.5,19
1989,4,18,0.1,31,17
1989,4,19,4.7,30,17
1989,4,20,0,27.5,17
1989,4,21,0,26,16.5
1989,4,22,0,27.5,15.5
1989,4,23,0,29.5,16.5
1989,4,24,0,30,15.5
1989,4,25,0,31,17
1989,4,26,0,31.5,17
1989,4,27,1.9,31,16
1989,4,28,0,32.5,14
1989,4,29,1,34.5,16
1989,4,30,10.2,33.5,17.5
1989,5,1,7.4,31.1,14.6
1989,5,2,3,29.1,16.9
1989,5,3,11.8,29.3,16.3
1989,5,4,4.7,30.1,16
1989,5,5,12.4,30.9,15.5
1989,5,6,12.9,30.4,16.2
1989,5,7,6,28.9,16.4
1989,5,8,13,29,16.2
1989,5,9,16.7,28.5,17.5
1989,5,10,16.9,29.8,17
1989,5,11,7.9,29.2,17.9
1989,5,12,3,30.6,18.2
1989,5,13,3.3,32,17.1
1989,5,14,19.3,32.7,17.1
1989,5,15,22.9,32.4,18.3
1989,5,16,3,31.4,18
1989,5,17,8.3,32.1,18.6
1989,5,18,3.4,32.8,18.3
1989,5,19,3,31.7,18
1989,5,20,0,30.4,17.7
1989,5,21,3.1,29.6,17.4
1989,5,22,0,30.1,16.7
1989,5,23,0.6,27.5,17
1989,5,24,0,27.8,17.3
1989,5,25,2.5,28.6,19
1989,5,26,11,27.6,18.9
1989,5,27,0.3,26.7,18.8
1989,5,28,9.5,28.3,15.3
1989,5,29,0.7,28.4,16.4
1989,5,30,1.1,29.3,17
1989,5,31,6.7,29.9,16.7
1989,6,1,3.8,30.2,15.7
1989,6,2,18.5,29.8,17.5
1989,6,3,22.1,29.1,17.7
1989,6,4,16.2,30.1,17.2
1989,6,5,0,29.6,18.6
1989,6,6,4.8,30.1,17.8
1989,6,7,0,30.5,17.4
1989,6,8,0,31.1,16.7
1989,6,9,8.1,30.9,17.5
1989,6,10,20.8,30.2,18.3
1989,6,11,0,28.9,17.6
1989,6,12,5.4,28.8,17.7
1989,6,13,16.5,29.7,18.2
1989,6,14,6.8,29.7,18.7
1989,6,15,38.4,30.3,19.1
1989,6,16,10.6,30.1,19.2
1989,6,17,7.2,29,19.5
1989,6,18,13.4,27.9,19.9
1989,6,19,5.8,27.1,18.3
1989,6,20,13.8,26.5,19.1
1989,6,21,28.8,29,17.4
1989,6,22,5.4,29.4,19.2
1989,6,23,30.5,30.5,18.1
1989,6,24,8.9,32,17.3
1989,6,25,21.9,31.2,18.6
1989,6,26,11.9,31.8,17
1989,6,27,19.8,30.2,17.8
1989,6,28,15.6,30.5,16.7
1989,6,29,33.1,29.3,19.1
1989,6,30,11.5,29.4,17.8
1989,7,1,0,29.6,16.4
1989,7,2,0,29.9,16.2
1989,7,3,0.3,29.5,17
1989,7,4,14.5,29.8,16.6
1989,7,5,6.9,29.4,18.5
1989,7,6,2.7,29.2,18.5
1989,7,7,6.4,27.8,18.4
1989,7,8,0,27.9,17.6
1989,7,9,8.6,27.7,15.4
1989,7,10,5.7,27.2,16.2
1989,7,11,17.3,27,18.2
1989,7,12,0,27.4,18.5
1989,7,13,0,28.2,18
1989,7,14,0,29.4,18.2
1989,7,15,0,30.3,16.6
1989,7,16,0,29.5,17.8
1989,7,17,0,29.1,16.7
1989,7,18,0,28.9,18.7
1989,7,19,0.1,29.4,16.6
1989,7,20,1.8,29.5,17.2
1989,7,21,6.2,28.7,17.4
1989,7,22,9,28.8,17.7
1989,7,23,11.1,28.8,16.6
1989,7,24,2.8,27.7,17.5
1989,7,25,15.5,28.5,16.7
1989,7,26,34.1,28.5,17.5
1989,7,27,24.3,28.3,18.1
1989,7,28,29.1,28,18.5
1989,7,29,3.7,27.8,16.4
1989,7,30,23.3,29.4,18.2
1989,7,31,4.5,29.3,16.6
1989,8,1,0,28.5,19
1989,8,2,0,26.5,18
1989,8,3,3,29,19
1989,8,4,0,29.5,19.5
1989,8,5,0,30.5,16.5
1989,8,6,0,30.5,15.5
1989,8,7,0,31,15
1989,8,8,27.7,30,17
1989,8,9,0,29,18
1989,8,10,1.8,29,17.5
1989,8,11,5.7,27.5,18.5
1989,8,12,0,28.5,17.5
1989,8,13,10.5,29,19
1989,8,14,24,29,20
1989,8,15,1.1,25,20
1989,8,16,1.9,29,19
1989,8,17,4.2,29.5,19
1989,8,18,0,30,18
1989,8,19,0,30,19
1989,8,20,2.7,30,18
1989,8,21,17.6,30.5,20
1989,8,22,2.9,30,18.5
1989,8,23,0.6,29.5,19.5
1989,8,24,0,30,18
1989,8,25,2.8,30.5,18.5
1989,8,26,1.3,29,18.5
1989,8,27,22.2,30,19
1989,8,28,0,29,19.5
1989,8,29,50.5,30.5,20.5
1989,8,30,1.6,30,18.5
1989,8,31,0,29.5,19.5
1989,9,1,2.2,27,18
1989,9,2,12.2,29,19.5
1989,9,3,0,29.5,20
1989,9,4,0.4,31,19
1989,9,5,40.5,31,17.5
1989,9,6,5.1,28.5,19
1989,9,7,0.5,29.5,19.5
1989,9,8,5.2,30,19.5
1989,9,9,15.5,29.5,20
1989,9,10,0,29.5,19
1989,9,11,16,31,17.5
1989,9,12,14.9,29.5,18.5
1989,9,13,0,30,19
1989,9,14,7.8,30,19.5
1989,9,15,31.3,28.5,20
1989,9,16,26.8,28.5,20.5
1989,9,17,8.3,27.5,20.5
1989,9,18,44.2,29.5,20
1989,9,19,0,28.5,19.5
1989,9,20,0.2,29,20
1989,9,21,3.7,29.5,19.5
1989,9,22,51.4,31,20.5
1989,9,23,34.1,26.5,20.5
1989,9,24,2.3,24.5,18.5
1989,9,25,25.7,27,17.5
1989,9,26,6.5,25,18
1989,9,27,0,24,17.5
1989,9,28,11.4,28.5,16.5
1989,9,29,20.6,27.5,19.5
1989,9,30,8.2,30,20
1989,10,1,9.6,27,18.5
1989,10,2,28.7,28.5,19.5
1989,10,3,36.4,30,20
1989,10,4,2.6,30.5,17.5
1989,10,5,1.1,29.5,19.5
1989,10,6,0,29.5,18.5
1989,10,7,0.3,30.5,19
1989,10,8,8,30,20
1989,10,9,4.8,28.5,19
1989,10,10,23.5,26.5,20
1989,10,11,52.4,29,19
1989,10,12,3.4,28.5,20
1989,10,13,0,28,17
1989,10,14,5.7,28,19
1989,10,15,11.2,28,19
1989,10,16,0,27.5,19
1989,10,17,0,29.5,18.5
1989,10,18,22,29.5,18.5
1989,10,19,35,29,18.5
1989,10,20,2,29.5,17
1989,10,21,0,23.5,16
1989,10,22,0,24,16.5
1989,10,23,0,22.5,17.5
1989,10,24,0,23.5,16
1989,10,25,0,23.5,16.5
1989,10,26,0,21,17.5
1989,10,27,0.1,26.5,16
1989,10,28,0,25,16.5
1989,10,29,0,27,16.5
1989,10,30,0,26.5,17.5
1989,10,31,3.2,25.5,16
1989,11,1,0,26,17.5
1989,11,2,1.1,25.5,15.5
1989,11,3,0,26.5,17.5
1989,11,4,3,22.5,17
1989,11,5,23.7,26,18.5
1989,11,6,1.2,27,19.5
1989,11,7,0,27.5,19.5
1989,11,8,0,29.5,18.5
1989,11,9,0.3,32.5,20
1989,11,10,5,27,18.5
1989,11,11,2.4,27.5,17.5
1989,11,12,0.3,25.5,18.5
1989,11,13,10,25.5,19.5
1989,11,14,0,27.5,19
1989,11,15,0,27.5,18
1989,11,16,4.3,29,18.5
1989,11,17,0.5,25,15.5
1989,11,18,0,27.5,18
1989,11,19,13.3,26.5,17.5
1989,11,20,1.1,27,18.5
1989,11,21,0,27.5,18
1989,11,22,0,26.5,16
1989,11,23,0,29.5,16.5
1989,11,24,0,24,18
1989,11,25,0,27,18
1989,11,26,0,29.5,16.5
1989,11,27,0,28,16
1989,11,28,0.4,29.5,16.5
1989,11,29,0.3,27.5,18.5
1989,11,30,0,28,16
1989,12,1,1,25.5,14.5
1989,12,2,2.3,27,16
1989,12,3,3.2,26,18
1989,12,4,1.1,22.5,17.5
1989,12,5,0,23.5,17
1989,12,6,0,26.5,16.5
1989,12,7,0,28,15.5
1989,12,8,18.1,29,16.5
1989,12,9,0,19,16.5
1989,12,10,0,20,15
1989,12,11,0,27,15.5
1989,12,12,0,30,15
1989,12,13,1,23.5,16.5
1989,12,14,0,24,17.5
1989,12,15,0,26,17.5
1989,12,16,0.1,29,16
1989,12,17,0,27,15
1989,12,18,0,27,13.5
1989,12,19,0,29,16
1989,12,20,0,27.5,15.5
1989,12,21,0,24.5,17
1989,12,22,0.3,28,17.5
1989,12,23,2.6,19.5,18
1989,12,24,0.5,16.5,12
1989,12,25,0,17,12
1989,12,26,0,19,11
1989,12,27,0,20.5,11.5
1989,12,28,0,24,11
1989,12,29,0,26.5,11
1989,12,30,0,28,12
1989,12,31,0,29,12.5
1990,1,1,1.5,28.5,10.5
1990,1,2,8.5,24,12.5
1990,1,3,1,24.5,15
1990,1,4,0,27,16
1990,1,5,0,27.5,13
1990,1,6,0,28.5,14
1990,1,7,0,29.5,15
1990,1,8,0,27,13.5
1990,1,9,0,25.5,12.5
1990,1,10,7.4,25,14
1990,1,11,0,26.5,16.5
1990,1,12,0.4,27,15
1990,1,13,1.7,20.5,15.5
1990,1,14,9.8,18,13.5
1990,1,15,0,24,14
1990,1,16,1.5,23,13.5
1990,1,17,1.8,26.5,12
1990,1,18,1.6,26.5,16.5
1990,1,19,0,26.5,15.5
1990,1,20,0,28,15.5
1990,1,21,16.7,26,16
1990,1,22,8.5,24.5,17.5
1990,1,23,1.2,24.5,17.5
1990,1,24,0,25.5,15.5
1990,1,25,10.9,29,10
1990,1,26,1.5,20,11
1990,1,27,0.4,24.5,15.5
1990,1,28,0.9,27,16.5
1990,1,29,9.9,25.5,17.5
1990,1,30,3.4,26.5,16.5
1990,1,31,2.5,22.5,17.5
1990,2,1,0,26.5,17
1990,2,2,0,27.5,15.5
1990,2,3,0,30.5,15
1990,2,4,5.5,29,15.5
1990,2,5,0.8,26.5,17
1990,2,6,0,26.5,15.5
1990,2,7,0,26.5,13.5
1990,2,8,0,27,12.5
1990,2,9,0,27.5,12.5
1990,2,10,0,31.5,13.5
1990,2,11,3.2,27.5,13.5
1990,2,12,0,19.5,16.5
1990,2,13,0,25.5,16
1990,2,14,0,30.5,14.5
1990,2,15,0,31.5,13
1990,2,16,0,32,14
1990,2,17,5.4,28,16
1990,2,18,1,25,15.5
1990,2,19,0.4,28.5,11.5
1990,2,20,0,27.5,13
1990,2,21,8.4,26,14.5
1990,2,22,0,29.5,12.5
1990,2,23,2,29,12.5
1990,2,24,0,20,13.5
1990,2,25,0,18.5,13.5
1990,2,26,0,20.5,13.5
1990,2,27,9.1,20,14.5
1990,2,28,1.2,24,15.5
1990,3,1,3.7,26.5,16.5
1990,3,2,0,29,16.5
1990,3,3,27.6,29,16.5
1990,3,4,1.2,25,18.5
1990,3,5,0,28,17
1990,3,6,0,29.5,15
1990,3,7,0,26.5,13.5
1990,3,8,0.9,27.5,14.5
1990,3,9,3.5,25.5,16.5
1990,3,10,0,27,17.5
1990,3,11,0,28.5,18.5
1990,3,12,0.3,25.5,17.5
1990,3,13,0,25.5,16.5
1990,3,14,0,29.5,17.5
1990,3,15,0,33,16.5
1990,3,16,0,33,16.5
1990,3,17,11.4,34,18
1990,3,18,0,25.5,11
1990,3,19,0.4,29.5,13.5
1990,3,20,1.4,21,16.5
1990,3,21,0,23.5,14
1990,3,22,0,25,9.5
1990,3,23,0,24.5,12
1990,3,24,0,25,17
1990,3,25,10.7,29,15.5
1990,3,26,8.5,27,17.5
1990,3,27,0,27.5,17.5
1990,3,28,0,28,17.5
1990,3,29,0,29.5,14.5
1990,3,30,0.6,33,15.5
1990,3,31,0,33,15
1990,4,1,0,32.5,15.5
1990,4,2,0,33.5,15
1990,4,3,10.8,32.5,17
1990,4,4,0,30,18.5
1990,4,5,0,30.5,17.5
1990,4,6,7.2,33.5,18
1990,4,7,0,31,15.5
1990,4,8,0.4,30,18
1990,4,9,0.2,26,18.5
1990,4,10,0,30,17.5
1990,4,11,4,31,15.5
1990,4,12,0.7,28.5,16
1990,4,13,4,29.5,18
1990,4,14,0,30,18.5
1990,4,15,25.1,31,16.5
1990,4,16,0,30.5,17
1990,4,17,0,31,15.5
1990,4,18,1.7,30.5,15
1990,4,19,4,24,16
1990,4,20,0,28,16.5
1990,4,21,0,29,15.5
1990,4,22,0,28,15.5
1990,4,23,0,29.5,15.5
1990,4,24,1.9,30,15
1990,4,25,8,29.5,17.5
1990,4,26,34.5,31.5,19.5
1990,4,27,8.8,31.5,18.5
1990,4,28,6.6,32,17
1990,4,29,0,32,18.5
1990,4,30,0,31,18
1990,5,1,0,30.5,19
1990,5,2,0,30,18.5
1990,5,3,0,29.5,17
1990,5,4,0.4,30.5,18.5
1990,5,5,0,30.5,18
1990,5,6,20.3,28.5,17.5
1990,5,7,0,27,19.5
1990,5,8,0,28.5,17.5
1990,5,9,0,32.5,18
1990,5,10,2,31,19.5
1990,5,11,0,30,20
1990,5,12,0,30.5,17.5
1990,5,13,0,32.5,18
1990,5,14,0.3,31,18.5
1990,5,15,0,31.5,19
1990,5,16,0,30.5,17
1990,5,17,0,32,17.5
1990,5,18,0,31,17.5
1990,5,19,0,30.5,16.5
1990,5,20,2.8,33.5,17.5
1990,5,21,54.7,32,18.5
1990,5,22,0.6,29,18.5
1990,5,23,0,30.5,18
1990,5,24,8.8,29.5,19.5
1990,5,25,16.8,32,19
1990,5,26,0,31.5,21
1990,5,27,5.6,32.5,19.5
1990,5,28,0,32.5,19
1990,5,29,8.4,34,17.5
1990,5,30,0,33.5,17.5
1990,5,31,6.5,30,19
1990,6,1,0.1,27,20.5
1990,6,2,10.1,29.5,20.5
1990,6,3,0.3,29,20.5
1990,6,4,3.8,29,19.5
1990,6,5,4.2,27.5,18.5
1990,6,6,0,27.5,19
1990,6,7,0,27.5,18.5
1990,6,8,2.4,30,17
1990,6,9,2.4,30,17
1990,6,10,27.4,28.5,18.5
1990,6,11,9.4,29,19
1990,6,12,14.1,27.5,19
1990,6,13,5.4,29.5,20.5
1990,6,14,0.1,29.5,20
1990,6,15,0,31,17.5
1990,6,16,1.4,31,16.5
1990,6,17,6.2,30.5,19
1990,6,18,15.6,30,19
1990,6,19,9.6,29.5,19.5
1990,6,20,2.4,30,20
1990,6,21,15,29.5,19.5
1990,6,22,10.8,31,20
1990,6,23,5.5,28,20
1990,6,24,16.6,28.5,19
1990,6,25,2,29.5,19
1990,6,26,0.5,29.5,19
1990,6,27,7.7,29,19.5
1990,6,28,18.5,28.5,20
1990,6,29,37.2,27.5,20
1990,6,30,11.5,27.5,20.5
1990,7,1,11.3,28.5,20.5
1990,7,2,0.1,29.5,20
1990,7,3,0.6,29.5,19
1990,7,4,11.9,28.5,18.5
1990,7,5,29.2,28.5,19.5
1990,7,6,16.3,27,20
1990,7,7,0.1,27.5,18.5
1990,7,8,22.1,29.5,17.5
1990,7,9,12.5,27.5,19
1990,7,10,3.3,26.5,19.5
1990,7,11,0,28,16.5
1990,7,12,0,29.5,17.5
1990,7,13,0.2,30,18.5
1990,7,14,24.4,30,19
1990,7,15,0,28.5,19
1990,7,16,0.8,29,17.5
1990,7,17,1.7,30,19
1990,7,18,26.6,28,19.5
1990,7,19,0.9,28.5,18.5
1990,7,20,13.7,28,18.5
1990,7,21,15.3,28,18
1990,7,22,0.4,27.5,18.5
1990,7,23,2,28.5,19.5
1990,7,24,1.2,28.5,18.5
1990,7,25,3.5,29,16.5
1990,7,26,29.3,28.5,18.5
1990,7,27,0.5,29,18.5
1990,7,28,1.5,30,19
1990,7,29,3.6,30.5,18.5
1990,7,30,7.9,30.5,19
1990,7,31,6.2,29.5,19.5
1990,8,1,1.9,29.5,18.5
1990,8,2,5.6,26,18.5
1990,8,3,0,29,20
1990,8,4,1.5,30,18
1990,8,5,5,31.5,18.5
1990,8,6,6.8,29,18
1990,8,7,3.6,29.5,19.5
1990,8,8,0.1,29.5,17.5
1990,8,9,0,28.5,18.5
1990,8,10,11.4,30.5,18.5
1990,8,11,0.7,29.5,20
1990,8,12,11,29,19
1990,8,13,0,29,19
1990,8,14,19.8,28,19
1990,8,15,2.8,27,19.5
1990,8,16,3.8,28.5,19.5
1990,8,17,15.3,28.5,20.5
1990,8,18,25,26.5,20
1990,8,19,1.1,28,19.5
1990,8,20,4.7,29,18.5
1990,8,21,19.5,28,19.5
1990,8,22,41,26.5,18.5
1990,8,23,25.4,27.5,20
1990,8,24,0,27,20
1990,8,25,0.9,28.5,18.5
1990,8,26,12.6,29.5,19.5
1990,8,27,21.6,28.5,19.5
1990,8,28,0.7,28.5,20
1990,8,29,0,29.5,20
1990,8,30,2.3,30.5,17
1990,8,31,15.8,30,19.5
1990,9,1,2.2,29.5,20
1990,9,2,15.6,28,19.5
1990,9,3,34.6,27,19.5
1990,9,4,1.7,28.5,19
1990,9,5,1.4,28,19.5
1990,9,6,4.7,28.5,19.5
1990,9,7,19.1,29,20
1990,9,8,3.5,28.5,19.5
1990,9,9,0.4,30.5,18.5
1990,9,10,12.5,29.5,20
1990,9,11,0,29,20.5
1990,9,12,12.2,30,19.5
1990,9,13,1.7,31.5,18.5
1990,9,14,12.3,30,20
1990,9,15,8.4,28.5,19.5
1990,9,16,72.3,27,20.5
1990,9,17,11.3,29.5,20
1990,9,18,1.4,29.5,20
1990,9,19,0,29,19.5
1990,9,20,13.1,30.5,18.5
1990,9,21,17.5,30,18.5
1990,9,22,6.7,30,19
1990,9,23,1,29.5,18
1990,9,24,16.1,28,18.5
1990,9,25,5.5,29,19
1990,9,26,3.7,29,20
1990,9,27,7.8,29,18.5
1990,9,28,0,29.5,19
1990,9,29,20.2,28.5,19
1990,9,30,0.7,30.5,20
1990,10,1,7.5,29.5,20.5
1990,10,2,0,27,18.5
1990,10,3,0,29.5,19.5
1990,10,4,0.3,30.5,18
1990,10,5,0,29,19.5
1990,10,6,2.8,30.5,19
1990,10,7,11.2,29.5,20.5
1990,10,8,4.6,29,20.5
1990,10,9,0,30.5,19
1990,10,10,0,30.5,17.5
1990,10,11,0,28.5,17
1990,10,12,0,26.5,19
1990,10,13,0,29,19
1990,10,14,0,28.5,19
1990,10,15,0,29,17.5
1990,10,16,0,27.5,17.5
1990,10,17,31.1,30,17.5
1990,10,18,6.8,29.5,20
1990,10,19,25.6,28,19.5
1990,10,20,0,29,19
1990,10,21,0,28.5,17
1990,10,22,0,30,16.5
1990,10,23,1.1,31,18.5
1990,10,24,0.7,28.5,19
1990,10,25,7.4,29.5,19
1990,10,26,1.3,23.5,17
1990,10,27,3,23.5,17
1990,10,28,0,26,16.5
1990,10,29,0,26,13
1990,10,30,0,25.5,14
1990,10,31,0.3,21.5,14.5
1990,11,1,2.5,25,16.5
1990,11,2,0.6,25.5,17.5
1990,11,3,0.1,25.5,18
1990,11,4,13.3,27,17
1990,11,5,19.6,20,19.5
1990,11,6,0.1,23,18.5
1990,11,7,4,27.5,19
1990,11,8,0.6,25.5,20.5
1990,11,9,21.7,32.5,15.5
1990,11,10,0.1,21.5,16.5
1990,11,11,0,21,16
1990,11,12,1.4,19.5,13.5
1990,11,13,0.6,17.5,14.5
1990,11,14,15.8,19.5,16
1990,11,15,24.4,23.5,16.5
1990,11,16,46.4,24.5,19
1990,11,17,9,24,18.5
1990,11,18,0,23,17.5
1990,11,19,0.3,24,16.5
1990,11,20,0,23,18
1990,11,21,6.4,23,15.5
1990,11,22,1,23,17.5
1990,11,23,0,27,17
1990,11,24,0,26.5,15
1990,11,25,0,26.5,13.5
1990,11,26,0,27,13.5
1990,11,27,0,28,14
1990,11,28,1.7,28,15.5
1990,11,29,56.6,24.5,16
1990,11,30,45.8,22.5,17.5
1990,12,1,18.5,25,18.5
1990,12,2,0,25,18.5
1990,12,3,0.3,26,18
1990,12,4,9.9,24.5,19
1990,12,5,0,20,17
1990,12,6,0,20.5,17
1990,12,7,0.3,23.5,16
1990,12,8,0.2,18,15
1990,12,9,2.4,18.5,14.5
1990,12,10,0,20,14
1990,12,11,0,21,14
1990,12,12,0,25.5,12
1990,12,13,2.1,25.5,13.5
1990,12,14,0,21.5,16
1990,12,15,0,26.5,16.5
1990,12,16,0.7,24,16.5
1990,12,17,0,27,18
1990,12,18,0,28.5,13
1990,12,19,0,28.5,14
1990,12,20,0,27,12.5
1990,12,21,0,28.5,16
1990,12,22,0,29,14.5
1990,12,23,4.3,28.5,15
1990,12,24,1.4,27,16
1990,12,25,2.1,24.5,15
1990,12,26,1,23.5,16.5
1990,12,27,4.7,25.5,17
1990,12,28,2,25,17
1990,12,29,0,26.5,15
1990,12,30,10.8,27,16.5
1990,12,31,18.6,24,17
1991,1,1,9.2,25.5,17.5
1991,1,2,2.2,25,17.5
1991,1,3,1.5,25,16.5
1991,1,4,4.2,24.5,17
1991,1,5,1.2,23,17
1991,1,6,0,24.5,16
1991,1,7,4.3,27,17
1991,1,8,0,25,18
1991,1,9,0,24,15
1991,1,10,0.1,26.5,15.5
1991,1,11,0.4,29,12
1991,1,12,1,27,13
1991,1,13,0,27,16
1991,1,14,0,24.5,13.5
1991,1,15,0,30,14
1991,1,16,0,27,13
1991,1,17,0,27,14.5
1991,1,18,0,28.5,15
1991,1,19,0,28.5,13.5
1991,1,20,0,27.5,14
1991,1,21,0.4,28,16.5
1991,1,22,3,20.5,17
1991,1,23,0,24.5,16.5
1991,1,24,0,27.5,15.5
1991,1,25,0,28,16
1991,1,26,0.1,27,15
1991,1,27,0,26.5,15
1991,1,28,0,30,13
1991,1,29,0,30.5,13.5
1991,1,30,0,31,13
1991,1,31,0,29.5,15.5
1991,2,1,10.7,27,12.5
1991,2,2,0,23.5,14.5
1991,2,3,0,24.5,16
1991,2,4,0,27,12.5
1991,2,5,0,27.5,13.5
1991,2,6,0,28,12.5
1991,2,7,1.4,26.5,11.5
1991,2,8,4.5,20,14
1991,2,9,0,20,15
1991,2,10,0,20,15
1991,2,11,0,25.5,15
1991,2,12,0,25,10.5
1991,2,13,0,27.5,10.5
1991,2,14,0,32,7.5
1991,2,15,1.8,26.5,10
1991,2,16,3,18.5,16
1991,2,17,0,25.5,16.5
1991,2,18,0,25.5,13.5
1991,2,19,0,29.5,13.5
1991,2,20,2.2,29.5,15.5
1991,2,21,0,28.5,17.5
1991,2,22,0.8,29,17
1991,2,23,3.5,24.5,17.5
1991,2,24,0,27,18
1991,2,25,0,30.5,14
1991,2,26,0,30,15.5
1991,2,27,0,29.5,17.5
1991,2,28,0,30.5,16
1991,3,1,0,31.5,15.5
1991,3,2,0,34.5,17
1991,3,3,0,33.5,11.5
1991,3,4,0,27.5,12.5
1991,3,5,0,27.5,9
1991,3,6,0,33,7.5
1991,3,7,0,33,5.5
1991,3,8,0,36,9
1991,3,9,4.5,31,11
1991,3,10,2.8,24,15.5
1991,3,11,0,23,13
1991,3,12,0,31,13
1991,3,13,0,35,12.5
1991,3,14,0,34.5,13.5
1991,3,15,0,36,13.5
1991,3,16,0,35,15.5
1991,3,17,0,36.5,15
1991,3,18,0,33.5,17.5
1991,3,19,0,31,16.5
1991,3,20,0,33.5,13.5
1991,3,21,0,35,11.5
1991,3,22,0,34,13
1991,3,23,0,35,14.5
1991,3,24,0,32,17
1991,3,25,0,32,15
1991,3,26,0,33,13.5
1991,3,27,0,33.5,14
1991,3,28,0,35,15
1991,3,29,0,36,15
1991,3,30,0,32,20
1991,3,31,6.1,31.5,18
1991,4,1,0,19.5,16
1991,4,2,0,24.5,16.5
1991,4,3,0,31.5,13
1991,4,4,0,32,15
1991,4,5,0,31.5,16.5
1991,4,6,0,33,15.5
1991,4,7,0,33,18
1991,4,8,0,35,16
1991,4,9,0,36,16.5
1991,4,10,0,34,16.5
1991,4,11,0,31.5,18.5
1991,4,12,0,32.5,17.5
1991,4,13,0,31.5,17.5
1991,4,14,0,34,17
1991,4,15,0,34,19.5
1991,4,16,0,33.5,19.5
1991,4,17,0,33.5,16
1991,4,18,0,36,15
1991,4,19,0,38,16.5
1991,4,20,0,37,16.5
1991,4,21,0,33.5,18.5
1991,4,22,0,37.5,17.5
1991,4,23,0,40,19
1991,4,24,0,38,19.5
1991,4,25,0,37.5,15.5
1991,4,26,0,35.5,17
1991,4,27,0,35.5,19.5
1991,4,28,0,37.5,17.5
1991,4,29,27.2,38.5,19
1991,4,30,0.5,32,17.5
1991,5,1,8.2,33,18.5
1991,5,2,0,33,18.5
1991,5,3,0,33.5,17
1991,5,4,0,33.5,17
1991,5,5,0,33,18
1991,5,6,0,30.5,20.5
1991,5,7,0,32,19
1991,5,8,0,31,17.5
1991,5,9,0,33,18
1991,5,10,1.3,30.5,20
1991,5,11,0,32,20
1991,5,12,0,32.5,17.5
1991,5,13,0,32.5,15.5
1991,5,14,28.5,32.5,17.5
1991,5,15,0,33.5,19
1991,5,16,0.6,35.5,16.5
1991,5,17,1.3,35.5,18.5
1991,5,18,27,34,19.5
1991,5,19,0,32.5,18.5
1991,5,20,11.3,33.5,17
1991,5,21,4,32,18
1991,5,22,8.7,31,18.5
1991,5,23,4.7,32,19.5
1991,5,24,5.9,31.5,20
1991,5,25,0,32,20
1991,5,26,50.2,33,21.5
1991,5,27,0,31.5,18.5
1991,5,28,21.6,31,18.5
1991,5,29,4.1,30.5,19.5
1991,5,30,0.7,30.5,20
1991,5,31,14.8,33,20
1991,6,1,52.9,33.5,19
1991,6,2,5.9,33,18.5
1991,6,3,49.5,33,20
1991,6,4,0,32.5,19
1991,6,5,1.1,32,20
1991,6,6,0,31.5,20.5
1991,6,7,11.6,29.5,18.5
1991,6,8,0,29.5,18.5
1991,6,9,0,30.5,20
1991,6,10,0,31,20
1991,6,11,2.3,30.5,21.5
1991,6,12,0.2,31,21
1991,6,13,22,30.5,21
1991,6,14,4.4,30.5,19.5
1991,6,15,0.8,30.5,20
1991,6,16,0,30,19
1991,6,17,0,31,19.5
1991,6,18,0.8,30.5,18.5
1991,6,19,5,31,19
1991,6,20,2.1,29.5,21
1991,6,21,4.6,26.5,19.5
1991,6,22,17,30.5,19.5
1991,6,23,41.4,29.5,20.5
1991,6,24,42,29.5,20.5
1991,6,25,7.2,28.5,20
1991,6,26,20,28.5,20
1991,6,27,8.6,27,20
1991,6,28,38.8,27.5,21
1991,6,29,4.4,29,21
1991,6,30,0,28,20
1991,7,1,6.2,30.5,18.2
1991,7,2,2.1,30.5,18.1
1991,7,3,10.2,28,19.3
1991,7,4,7.2,27.5,19
1991,7,5,15.3,30,19.5
1991,7,6,0.2,29.5,18.5
1991,7,7,9.8,28.5,20
1991,7,8,0.5,27.5,19.5
1991,7,9,3.9,28.5,18.5
1991,7,10,0,29,16.5
1991,7,11,0,28.5,17
1991,7,12,2.9,28.5,18.5
1991,7,13,19.2,28.5,18
1991,7,14,0,29.5,18
1991,7,15,0.4,30,19
1991,7,16,1.1,28.5,19.5
1991,7,17,0,28,18.5
1991,7,18,0,29,18
1991,7,19,0.3,29,20.5
1991,7,20,0,29,18.5
1991,7,21,3,28.5,17
1991,7,22,29.7,27.5,19
1991,7,23,0.4,28,20
1991,7,24,4.2,29.5,18.5
1991,7,25,0,27,19.5
1991,7,26,1.5,29,16
1991,7,27,0.3,29,20
1991,7,28,0,28.5,16.5
1991,7,29,0,29.5,16.5
1991,7,30,0,30.5,18
1991,7,31,0,30.5,18
1991,8,1,1.2,28.5,17
1991,8,2,1.7,29.5,18
1991,8,3,15.2,29.5,19.5
1991,8,4,3.4,28,19.5
1991,8,5,11,29,20.5
1991,8,6,29.7,26.5,19.5
1991,8,7,6,28,19.5
1991,8,8,0.4,27.5,19
1991,8,9,3,28,18
1991,8,10,15.2,28,20
1991,8,11,11.9,26.5,16.5
1991,8,12,1.6,26.5,17.5
1991,8,13,0,28.5,16
1991,8,14,0,29.5,16.5
1991,8,15,0,30.5,18
1991,8,16,0,30,18.5
1991,8,17,0,31,19
1991,8,18,0,31.5,18.5
1991,8,19,0,31.5,19
1991,8,20,0.1,30.5,17.5
1991,8,21,3.5,31,19
1991,8,22,3.6,29.5,19.5
1991,8,23,0.1,28,20
1991,8,24,0,30,20
1991,8,25,0,30.5,19
1991,8,26,1.3,29.5,19
1991,8,27,0,30,19.5
1991,8,28,0,30,19.5
1991,8,29,16.3,30.5,16.5
1991,8,30,1,30,17.5
1991,8,31,0.3,30,19
1991,9,1,35.4,30.5,19
1991,9,2,0.9,31,20
1991,9,3,24.1,31,20.5
1991,9,4,34.3,28,20
1991,9,5,12,28.5,20
1991,9,6,2.3,29.5,18.5
1991,9,7,11.4,29,19
1991,9,8,0,28,20
1991,9,9,7.5,28,17.5
1991,9,10,0.3,26.5,17.5
1991,9,11,3.9,28.5,18.5
1991,9,12,4.6,29,20
1991,9,13,19.7,27.5,19.5
1991,9,14,0.1,28.5,19
1991,9,15,2.3,28,19
1991,9,16,0,29.5,19
1991,9,17,0,28.5,17.5
1991,9,18,0.2,29,17.5
1991,9,19,0.4,29,18.5
1991,9,20,0,30,20
1991,9,21,15,29.5,19
1991,9,22,23.7,28,20.5
1991,9,23,10.2,28,19.8
1991,9,24,16.1,28,20.3
1991,9,25,32.5,29,18.8
1991,9,26,1.6,29.5,20
1991,9,27,0.2,26,18.5
1991,9,28,3,25.5,19
1991,9,29,13,28,19.5
1991,9,30,11.7,28.5,20.5
1991,10,1,22.8,29,20
1991,10,2,14.5,28.5,20.5
1991,10,3,2.6,29.5,19.5
1991,10,4,1.1,29.5,20.5
1991,10,5,2.5,27,20
1991,10,6,13.4,29,19.5
1991,10,7,7.1,28,19.5
1991,10,8,0,29,20.5
1991,10,9,13.4,28.5,19
1991,10,10,21.2,30,20
1991,10,11,10.3,28.5,19.5
1991,10,12,0,26,19
1991,10,13,3.4,26.5,15
1991,10,14,26.3,26.5,17.5
1991,10,15,0,28,17.5
1991,10,16,0,26.5,16.5
1991,10,17,0,25.5,14.5
1991,10,18,0,24,16
1991,10,19,0,25,17.5
1991,10,20,10.3,28,18.5
1991,10,21,1.6,29,19
1991,10,22,22.8,26.5,20
1991,10,23,1.6,27,20
1991,10,24,0,26.5,20
1991,10,25,0,28.5,18.5
1991,10,26,0,29,17
1991,10,27,0,29,15.5
1991,10,28,0,29,15
1991,10,29,1.6,29.5,16.5
1991,10,30,0,29,18
1991,10,31,0,29,16.5
1991,11,1,32.2,30,16.5
1991,11,2,3.3,27.5,19
1991,11,3,13.1,25.5,19
1991,11,4,19.3,27.5,19
1991,11,5,3.6,26,18.5
1991,11,6,2,26,19
1991,11,7,0.1,28,18.5
1991,11,8,0.1,26,18
1991,11,9,1.8,19,12.5
1991,11,10,0,22.5,14.5
1991,11,11,0,22.5,11.5
1991,11,12,0.1,21.5,10.5
1991,11,13,0,19,12
1991,11,14,0,25.5,14
1991,11,15,0,28,12
1991,11,16,0,28,13
1991,11,17,0,28.5,16.5
1991,11,18,0.3,28,15.5
1991,11,19,0,27,17
1991,11,20,0,28,16.5
1991,11,21,0.4,22,16.5
1991,11,22,0,24,17
1991,11,23,17.4,25.5,16
1991,11,24,20.1,19.5,18
1991,11,25,2.7,21.5,16
1991,11,26,0,20.5,17
1991,11,27,9.4,23.5,16
1991,11,28,2.7,23.5,17.5
1991,11,29,0,27,18
1991,11,30,0.1,27.5,16
1991,12,1,0,26.5,17.5
1991,12,2,0,28,17.5
1991,12,3,43.8,26.5,19.5
1991,12,4,0.8,18.5,17.5
1991,12,5,2.4,20.5,15
1991,12,6,0,23.5,16
1991,12,7,2,23.5,17
1991,12,8,0.2,23,16
1991,12,9,7.4,23,16.5
1991,12,10,7.8,25.5,17
1991,12,11,0.1,23,17.5
1991,12,12,0,26,17
1991,12,13,0,26,15.5
1991,12,14,12.1,26,17
1991,12,15,2.2,25.5,18
1991,12,16,3.2,23.5,17.5
1991,12,17,10.7,24,17
1991,12,18,20.7,24.5,17.5
1991,12,19,5,21.5,18
1991,12,20,11.4,23,18
1991,12,21,5.2,24.5,18.5
1991,12,22,5.1,23.5,19
1991,12,23,0,25.5,18.5
1991,12,24,0.1,26.5,15.5
1991,12,25,0,25.5,12
1991,12,26,0,24.5,13
1991,12,27,0.1,24.5,13
1991,12,28,0,22.5,11.5
1991,12,29,0.4,24,13
1991,12,30,0,25.5,17.5
1991,12,31,7.5,25.5,14.5
1992,1,1,2.5,24,15.5
1992,1,2,0,26.5,15
1992,1,3,2.1,26,16
1992,1,4,0,24,17
1992,1,5,0,27,14.5
1992,1,6,0,28,16.5
1992,1,7,0,26,16.5
1992,1,8,0,27.5,15
1992,1,9,0,27.5,12.5
1992,1,10,13.6,25.5,14.5
1992,1,11,0,26,15
1992,1,12,0,26,16
1992,1,13,0,30,13.7
1992,1,14,0,25,14.6
1992,1,15,1.2,22,16
1992,1,16,7.2,23,17.5
1992,1,17,1.5,23.5,17
1992,1,18,0,25.5,16
1992,1,19,0.2,25,13.5
1992,1,20,3,19,13.5
1992,1,21,0,23,16
1992,1,22,0.1,27,14
1992,1,23,0.2,30,13
1992,1,24,2.8,20,14
1992,1,25,0.1,22.5,15
1992,1,26,0,26,16
1992,1,27,0,25.5,14
1992,1,28,8.2,28,15
1992,1,29,19.6,21.5,17
1992,1,30,0,26,16.5
1992,1,31,0.1,23.5,15
1992,2,1,5.3,22.5,15.5
1992,2,2,0,24.5,16
1992,2,3,0,27,15.5
1992,2,4,0,31.5,16
1992,2,5,2.6,26,12
1992,2,6,0,21.5,14
1992,2,7,0,24,15.5
1992,2,8,0,21.5,15
1992,2,9,0,26,13.5
1992,2,10,0,25.5,15
1992,2,11,0,25.5,14
1992,2,12,0,26,12.5
1992,2,13,0,28.5,12.5
1992,2,14,0,29,12.5
1992,2,15,0,30.5,13.5
1992,2,16,0,29.5,15
1992,2,17,0,30.5,14.5
1992,2,18,0,30.5,13.5
1992,2,19,6.3,29,15
1992,2,20,3.9,28.5,17
1992,2,21,8.4,26,16.5
1992,2,22,0,23,16.5
1992,2,23,0,25,14
1992,2,24,0,29,14.5
1992,2,25,0,32,13
1992,2,26,3.1,21.5,14.5
1992,2,27,0,21.5,15.5
1992,2,28,0,22,16
1992,2,29,1.2,24,17
1992,3,1,4.9,23.5,17.5
1992,3,2,5.7,22.5,18
1992,3,3,0,28,17.5
1992,3,4,0,27.5,15
1992,3,5,0,31,14
1992,3,6,0,32,13
1992,3,7,0,29.5,15
1992,3,8,0,30,15.5
1992,3,9,0,30.5,14.5
1992,3,10,0.3,33,14.5
1992,3,11,0,29.5,16
1992,3,12,0,30,17
1992,3,13,2.2,27,18
1992,3,14,0,23,18
1992,3,15,0,24,17.5
1992,3,16,0,28,17
1992,3,17,0,28.5,14
1992,3,18,0,31.5,15
1992,3,19,0,33.5,15.5
1992,3,20,0,27.5,16.5
1992,3,21,0,30,15.5
1992,3,22,0,33.5,13.5
1992,3,23,0,34.5,16
1992,3,24,0,30,19.5
1992,3,25,49.4,33,16.5
1992,3,26,0,28.5,18.5
1992,3,27,0,30,16.5
1992,3,28,0,29,15
1992,3,29,0,30,15.5
1992,3,30,0,33,15.5
1992,3,31,0,31,18
1992,4,1,8.3,33,18
1992,4,2,2.1,32,18.5
1992,4,3,12.6,32,18
1992,4,4,0,31,17
1992,4,5,3.1,31.5,18.5
1992,4,6,0,32,15.5
1992,4,7,0,31,18
1992,4,8,0,29.5,19
1992,4,9,0,30,17.5
1992,4,10,0,32,15
1992,4,11,6.7,34,15.5
1992,4,12,0,30,17.5
1992,4,13,7.3,30,17
1992,4,14,7.1,27,18
1992,4,15,30.4,28.5,19
1992,4,16,1,28,19
1992,4,17,0,31,20
1992,4,18,0,34.5,17.5
1992,4,19,0,32,11.5
1992,4,20,0,34.5,9
1992,4,21,0,28,13.5
1992,4,22,0.1,31,18
1992,4,23,0.2,29,18.5
1992,4,24,2.8,29.5,19
1992,4,25,0,30.5,18.5
1992,4,26,0,28.5,16
1992,4,27,7.4,25,16.5
1992,4,28,0,26.5,18.5
1992,4,29,0,24.5,14.5
1992,4,30,0,29,13.5
1992,5,1,0,29,14
1992,5,2,0,29,13
1992,5,3,0,28,12
1992,5,4,0,27,14
1992,5,5,0,29.5,13.5
1992,5,6,0.7,29.5,17
1992,5,7,0,28.5,17.5
1992,5,8,0,27,13.5
1992,5,9,0,29,15
1992,5,10,10.2,30.5,16
1992,5,11,0,29,19.5
1992,5,12,0,32.5,17
1992,5,13,0,32.5,17.5
1992,5,14,13.4,31,18.5
1992,5,15,43,30,18.5
1992,5,16,1.2,28,19
1992,5,17,0,31,20
1992,5,18,6.2,31,18.5
1992,5,19,0,28,18.5
1992,5,20,5.1,30.5,17.5
1992,5,21,0.8,29.5,19.5
1992,5,22,0.3,29.5,17.5
1992,5,23,15.7,29.5,19.5
1992,5,24,0,27,20
1992,5,25,0.3,29,18.5
1992,5,26,2.1,29.5,19
1992,5,27,0,30.5,18.1
1992,5,28,10.1,31,18.6
1992,5,29,0,30.5,17.9
1992,5,30,10.7,28.5,21
1992,5,31,5.8,29.5,21
1992,6,1,0,29,20.5
1992,6,2,0.7,32,19
1992,6,3,12.7,32,20.5
1992,6,4,0,32,20
1992,6,5,0,31,21
1992,6,6,14.3,32.5,18.5
1992,6,7,0.1,32,19
1992,6,8,20,31,20.5
1992,6,9,0,30.5,19
1992,6,10,0.6,30.5,18.5
1992,6,11,0,31,20.5
1992,6,12,5.4,30.5,19
1992,6,13,27.8,30,20.5
1992,6,14,17.3,28,21
1992,6,15,36,30.5,20.5
1992,6,16,35.6,30.5,19
1992,6,17,41.3,29.5,20
1992,6,18,8,28.5,20
1992,6,19,11.5,27.5,19.5
1992,6,20,5.4,29.5,19
1992,6,21,13.2,29.5,19.5
1992,6,22,40.6,27,20.5
1992,6,23,6.2,30,20
1992,6,24,10.8,30,20.5
1992,6,25,8.7,29,19.3
1992,6,26,0.1,31.5,19.5
1992,6,27,33.9,31.5,19.3
1992,6,28,9.4,31,19.5
1992,6,29,0,31,20.5
1992,6,30,10.6,31,19.5
1992,7,1,0,29.5,19.5
1992,7,2,1.3,29.5,20.5
1992,7,3,8.5,28,21
1992,7,4,0,26.5,20.5
1992,7,5,0,28,18.5
1992,7,6,2.1,27.5,16.5
1992,7,7,14.2,26.5,18.5
1992,7,8,4.5,24.5,20
1992,7,9,8.6,28,19.5
1992,7,10,1.8,28,19
1992,7,11,20,27.5,18.5
1992,7,12,8.3,28.5,19
1992,7,13,8.9,29,18
1992,7,14,0,28.5,18.5
1992,7,15,8.4,29,18.5
1992,7,16,1.3,29.5,19
1992,7,17,2,28,20.5
1992,7,18,2.4,29.5,18.5
1992,7,19,0,30,20
1992,7,20,1,29.5,18
1992,7,21,1.5,29.5,18
1992,7,22,0.2,28.5,19.5
1992,7,23,6.4,28,17.5
1992,7,24,26.2,27.5,18.5
1992,7,25,16.4,27.5,18.5
1992,7,26,17,27,19.5
1992,7,27,1.1,29,19
1992,7,28,1.8,28,19.5
1992,7,29,0,29,16
1992,7,30,0.7,29.5,17.5
1992,7,31,20,26,18
1992,8,1,0,27.5,20
1992,8,2,12.8,29,16.5
1992,8,3,0,29,16.5
1992,8,4,21.5,29.1,17.5
1992,8,5,7.4,28.6,19
1992,8,6,0.6,29.5,19.5
1992,8,7,28.7,29.5,20.5
1992,8,8,9.2,28,19
1992,8,9,23.3,28.5,20
1992,8,10,3.6,29,19
1992,8,11,10.8,29.5,20
1992,8,12,0.3,29.5,19.5
1992,8,13,53,29.5,19
1992,8,14,6.1,28,19.5
1992,8,15,2.2,29,19.5
1992,8,16,25.1,29.5,19.5
1992,8,17,0,29,20
1992,8,18,0,28,18.5
1992,8,19,2.1,29,19
1992,8,20,1.9,27.5,19
1992,8,21,1.5,29,20
1992,8,22,4.1,29.5,19
1992,8,23,0,30,19
1992,8,24,0,30,17
1992,8,25,0,30,18.5
1992,8,26,0.1,29.5,16.5
1992,8,27,21.5,30.5,17.5
1992,8,28,19,29.5,18.5
1992,8,29,4.1,29.5,19
1992,8,30,0.8,29,18.5
1992,8,31,14.3,27.5,19.5
1992,9,1,11.6,28.5,19
1992,9,2,0,27.5,19.5
1992,9,3,2.3,27.5,19.5
1992,9,4,3.7,28.5,19.5
1992,9,5,2.6,29,18.5
1992,9,6,54.7,28,18
1992,9,7,20.2,28,19.5
1992,9,8,0,29.5,19.5
1992,9,9,30.9,29,19
1992,9,10,9.8,28.5,19
1992,9,11,44.5,26.5,19.5
1992,9,12,1.8,27,19.5
1992,9,13,3.2,27,19.5
1992,9,14,14.6,29,18.5
1992,9,15,0,28.5,19.5
1992,9,16,1.5,28.5,18
1992,9,17,9.1,29,18.5
1992,9,18,0.7,29,19
1992,9,19,1,29,19.5
1992,9,20,5.1,29.5,20
1992,9,21,34.7,28,20.5
1992,9,22,0.3,30.5,19
1992,9,23,0,29.5,19.5
1992,9,24,2,30.5,19
1992,9,25,63.9,30,19
1992,9,26,35.9,30,20
1992,9,27,13.5,30,19
1992,9,28,34.8,29.5,20
1992,9,29,28,30,20
1992,9,30,6,26.5,20
1992,10,1,2.1,26.5,19
1992,10,2,0,25,19
1992,10,3,0,25.5,16.5
1992,10,4,0.3,27,18
1992,10,5,22.3,28,19
1992,10,6,37.1,28,19.5
1992,10,7,0.1,28.5,19
1992,10,8,0,29.5,18
1992,10,9,0,29,18
1992,10,10,0,30,17
1992,10,11,8.1,29.5,18
1992,10,12,0.7,29.5,19
1992,10,13,1.6,29,18.5
1992,10,14,5,26,19
1992,10,15,0,29,17.5
1992,10,16,0,28.5,17.5
1992,10,17,1.3,28.5,17
1992,10,18,11.5,27,19
1992,10,19,6.2,25,19.5
1992,10,20,4.9,27,19
1992,10,21,2.9,27,19.5
1992,10,22,20.3,27.5,19
1992,10,23,21.1,26.5,20
1992,10,24,8.1,27,19
1992,10,25,1,24,18.5
1992,10,26,0,24.5,17.5
1992,10,27,0.5,26,18
1992,10,28,0,27,17.5
1992,10,29,0,28.5,18.5
1992,10,30,0,28,18.5
1992,10,31,0,29,17
1992,11,1,0,29.5,18.5
1992,11,2,2.2,30,18
1992,11,3,0,28,18
1992,11,4,0,30.5,16.5
1992,11,5,23.6,30,17.5
1992,11,6,0,28,19.5
1992,11,7,15.2,24.5,18.5
1992,11,8,2.2,26,19.5
1992,11,9,0,25.5,19.5
1992,11,10,0,24.5,17.5
1992,11,11,0,28.5,18.5
1992,11,12,4.7,29,19.5
1992,11,13,2.6,27.5,19.5
1992,11,14,7.1,26,19
1992,11,15,1.7,24,18.5
1992,11,16,1.1,23.5,18.5
1992,11,17,0,25,17.5
1992,11,18,0,25.5,17.5
1992,11,19,0,26.5,14
1992,11,20,0,29,13.5
1992,11,21,0,29.5,14.5
1992,11,22,0,31,17.5
1992,11,23,0,28,18
1992,11,24,0,28.5,18
1992,11,25,0,30.5,18
1992,11,26,0,24.5,17.5
1992,11,27,2.6,25,17.5
1992,11,28,0.1,22.5,16.5
1992,11,29,0,24,16.5
1992,11,30,15.8,20,17
1992,12,1,1.9,19.5,16
1992,12,2,1.6,22,17
1992,12,3,0,24.5,15
1992,12,4,0,25,14
1992,12,5,12.8,24,12
1992,12,6,5.9,26,13.5
1992,12,7,3,26,19
1992,12,8,18.1,23,20
1992,12,9,0,26.5,18
1992,12,10,17,27.5,16.5
1992,12,11,0,25.5,17.5
1992,12,12,0,21.5,14.5
1992,12,13,0,27,15.5
1992,12,14,0,26.5,16.5
1992,12,15,0,28,15.5
1992,12,16,0,28.5,16
1992,12,17,0,29.5,15.5
1992,12,18,2,24.5,15
1992,12,19,0,26,17
1992,12,20,0,27,11.5
1992,12,21,7.9,24.5,13.5
1992,12,22,2.4,23,16.5
1992,12,23,0.5,26.5,16.5
1992,12,24,2.2,23.5,17
1992,12,25,1.1,23.5,17.5
1992,12,26,9.4,26,17
1992,12,27,10.6,22,18
1992,12,28,13.5,22,17
1992,12,29,4.7,24,17
1992,12,30,1.3,25.5,15.5
1992,12,31,0,24.5,14
1993,1,1,0,24,15.5
1993,1,2,0,23,17
1993,1,3,0,26.5,17.5
1993,1,4,0,28,14.5
1993,1,5,0,28,14.5
1993,1,6,0,27,14.5
1993,1,7,0,26,13.5
1993,1,8,0,31,13
1993,1,9,0,29,9.5
1993,1,10,0.1,28,10.5
1993,1,11,0.1,27,12.5
1993,1,12,0,28.5,15
1993,1,13,1.5,28,16.5
1993,1,14,0,27,16.5
1993,1,15,0,27,17
1993,1,16,0,28,14
1993,1,17,0,26,13.5
1993,1,18,0,27.5,15
1993,1,19,0,28,14
1993,1,20,0,28.5,15.5
1993,1,21,13,27,15.5
1993,1,22,13.6,25,17.5
1993,1,23,0,23,17.5
1993,1,24,0,27,16.5
1993,1,25,0.2,26,15.5
1993,1,26,1.7,19,16.5
1993,1,27,1,22,14
1993,1,28,0,23,13.5
1993,1,29,0,25.5,9
1993,1,30,0,24,10
1993,1,31,0,25.5,14.5
1993,2,1,0,26,10.5
1993,2,2,0,27,11
1993,2,3,0,25.5,11.5
1993,2,4,0,28.5,12.5
1993,2,5,0,27,14.5
1993,2,6,4,26,15.5
1993,2,7,2.8,20.5,16
1993,2,8,0,20,15
1993,2,9,0,24.5,14.5
1993,2,10,0,29.5,13.5
1993,2,11,0,31.5,10.5
1993,2,12,0,29.5,11.5
1993,2,13,0,23.5,13.5
1993,2,14,0.4,25.5,14.5
1993,2,15,0,28,17
1993,2,16,0,32,12.5
1993,2,17,0.5,29.5,13
1993,2,18,21.3,23,15
1993,2,19,6.4,22.5,17.5
1993,2,20,0,27,18
1993,2,21,0,31,15
1993,2,22,0,32.5,13.5
1993,2,23,0,30,14.5
1993,2,24,0,28,16
1993,2,25,0,29.5,14
1993,2,26,3.7,32.5,10
1993,2,27,0,29,13
1993,2,28,0,27.5,15
1993,3,1,0,29,15.5
1993,3,2,0,30,15
1993,3,3,0,33,14
1993,3,4,0,26.5,17
1993,3,5,0,29,11
1993,3,6,0,28,13
1993,3,7,0.1,24.5,16
1993,3,8,12,20.5,17.5
1993,3,9,5.4,24,18
1993,3,10,1.3,25,17.5
1993,3,11,0,27.5,17
1993,3,12,0,31.5,15
1993,3,13,0,18.5,16.5
1993,3,14,0,17.5,12.5
1993,3,15,0,24,13.5
1993,3,16,0,31,11.5
1993,3,17,0,30.5,11.5
1993,3,18,0,29,12.5
1993,3,19,0,28,10
1993,3,20,0,31.5,10.5
1993,3,21,0,28.5,12.5
1993,3,22,0,29,12.5
1993,3,23,0,31.5,12
1993,3,24,0,31,13.5
1993,3,25,2.4,33,15
1993,3,26,0,32,17
1993,3,27,0,33,16
1993,3,28,0,33.5,14.5
1993,3,29,0,34,12.5
1993,3,30,0,36,10.5
1993,3,31,0,35.5,13.5
1993,4,1,0,31,17
1993,4,2,0,30,18
1993,4,3,0,31.5,16
1993,4,4,0,33,19
1993,4,5,6.1,32,19
1993,4,6,0,31,17
1993,4,7,35.9,32,15
1993,4,8,0,36,16
1993,4,9,0,30.5,16
1993,4,10,0,26.5,13
1993,4,11,0,31.5,12.5
1993,4,12,1.1,33.5,13.5
1993,4,13,0,34,17
1993,4,14,0,36.5,18
1993,4,15,0,36.5,14.5
1993,4,16,0,29,18
1993,4,17,13.3,31.5,14.5
1993,4,18,0,25.5,18
1993,4,19,0,29.5,20
1993,4,20,4.2,31.5,18
1993,4,21,0.8,30.5,15.5
1993,4,22,0,23.5,17.5
1993,4,23,0,29,15.5
1993,4,24,0,30,16
1993,4,25,6.3,35,16
1993,4,26,13.9,32,19
1993,4,27,0,30.5,20.5
1993,4,28,0,30.5,18
1993,4,29,0,31,17
1993,4,30,0,32.5,15
1993,5,1,0,33.5,16
1993,5,2,0,34.5,16.5
1993,5,3,0,33,16
1993,5,4,0,31.5,17
1993,5,5,0,32.5,18.5
1993,5,6,0,33,17
1993,5,7,0,33,17
1993,5,8,0.4,31,19
1993,5,9,4.8,33,16
1993,5,10,6.2,31.5,18
1993,5,11,0,27,19
1993,5,12,0,29,17
1993,5,13,1.5,30.5,17.5
1993,5,14,0,26,20
1993,5,15,0.4,30.5,18.5
1993,5,16,0,32.5,17.5
1993,5,17,0,33,16
1993,5,18,0,34.5,17
1993,5,19,2.6,33.5,17.5
1993,5,20,0,31.5,15.5
1993,5,21,0,31.5,18
1993,5,22,0,32.5,18
1993,5,23,0,33.5,17
1993,5,24,0,34.5,16.5
1993,5,25,0,33.5,19
1993,5,26,0,31,16.5
1993,5,27,0,31.5,19.5
1993,5,28,0,32,18
1993,5,29,0,31.5,18
1993,5,30,1.8,30.5,18
1993,5,31,0,33.5,20.5
1993,6,1,1.2,34,14
1993,6,2,0,30.5,18.5
1993,6,3,14,34.5,18
1993,6,4,0,33,19.5
1993,6,5,6.6,35.5,20.5
1993,6,6,0,32,20.5
1993,6,7,0.1,31.6,22
1993,6,8,0.9,32,20.5
1993,6,9,0,31.5,21
1993,6,10,1.9,31.5,19.5
1993,6,11,8,29.5,20.5
1993,6,12,6.3,30,20.5
1993,6,13,37.7,31,20
1993,6,14,34.9,28,20
1993,6,15,9.9,28.5,20.5
1993,6,16,2.8,30,20.5
1993,6,17,36.4,28.5,21
1993,6,18,36.6,28,21
1993,6,19,14.3,30.5,21
1993,6,20,0,29.5,20
1993,6,21,6.3,30.5,21
1993,6,22,1.6,30.5,20
1993,6,23,8.8,31,21
1993,6,24,8,30.5,20
1993,6,25,20,26.5,20.5
1993,6,26,62.9,28.5,20.5
1993,6,27,30,28,20
1993,6,28,20,27,19.9
1993,6,29,31.7,28,19.4
1993,6,30,9.5,25.5,19.5
1993,7,1,24.1,26.5,19.5
1993,7,2,12,26.5,19
1993,7,3,11.1,28,20
1993,7,4,20,28,20
1993,7,5,15.7,27.5,21
1993,7,6,14.9,27.5,19.5
1993,7,7,2,27.5,19
1993,7,8,4.7,25.5,19.5
1993,7,9,41.8,27,19
1993,7,10,18.3,26.5,19
1993,7,11,1.1,28,20
1993,7,12,0,29,20
1993,7,13,0,30,17
1993,7,14,8.3,25.5,18
1993,7,15,1.3,30,19
1993,7,16,0,29.5,19
1993,7,17,0,30,18
1993,7,18,1.4,30.5,17
1993,7,19,3.9,30.5,19.5
1993,7,20,0,29,20.5
1993,7,21,1.4,29.5,17.5
1993,7,22,0.3,29.5,19.5
1993,7,23,0,29.5,18.5
1993,7,24,0,30.5,17
1993,7,25,12.9,30.5,18.5
1993,7,26,7.8,29.5,19
1993,7,27,26.2,27.5,20
1993,7,28,0.3,28.5,20.5
1993,7,29,0,27,19.5
1993,7,30,8,27.5,18.5
1993,7,31,0,29,20
1993,8,1,4,29,17
1993,8,2,2.4,27.5,18
1993,8,3,3,30,17.5
1993,8,4,26.9,25.5,20
1993,8,5,15.1,26.5,19.5
1993,8,6,10.4,28.5,18.5
1993,8,7,15.8,25.5,19.5
1993,8,8,12.8,26.5,20
1993,8,9,8.9,29,20
1993,8,10,29.4,28.5,19
1993,8,11,13.4,27,18
1993,8,12,33.4,25.5,19
1993,8,13,17.2,27,19.5
1993,8,14,27.1,28,20
1993,8,15,56,28,20
1993,8,16,68.7,28.5,19.5
1993,8,17,22,27.5,19
1993,8,18,20,29,19.5
1993,8,19,31.9,29.5,19.5
1993,8,20,33,28,20
1993,8,21,2.2,28,19.5
1993,8,22,1.2,29,18.5
1993,8,23,2.7,28,18
1993,8,24,2.5,28.5,18.5
1993,8,25,30.3,29.5,18.5
1993,8,26,0.2,29.5,18.5
1993,8,27,13,29,20.5
1993,8,28,35.7,28.5,20
1993,8,29,3.7,32,19.5
1993,8,30,11.2,28,19
1993,8,31,8.9,31,19.5
1993,9,1,13,29.5,18.5
1993,9,2,1.7,29.5,19
1993,9,3,10.4,30,18
1993,9,4,10.2,30,18.5
1993,9,5,28.6,29,20
1993,9,6,10.6,29.5,20
1993,9,7,11.5,30,19
1993,9,8,24.9,29.5,20.5
1993,9,9,5.2,28.5,19.5
1993,9,10,0,27.5,18.5
1993,9,11,2.8,28,20
1993,9,12,0.7,29,18.5
1993,9,13,8.2,30,19
1993,9,14,0,30,19.5
1993,9,15,0.3,30.2,18.5
1993,9,16,0.8,28.8,19
1993,9,17,3.6,28.5,19
1993,9,18,16.3,30.5,20
1993,9,19,0.5,29.5,21
1993,9,20,11.8,28,20.5
1993,9,21,10.9,30,20
1993,9,22,14.7,30.5,18
1993,9,23,25,29,18.5
1993,9,24,8.9,26,19
1993,9,25,14.8,29,19.5
1993,9,26,6.2,30,20
1993,9,27,39.2,28,20.5
1993,9,28,0.9,28,19.5
1993,9,29,0.1,29,19
1993,9,30,4,29,17
1993,10,1,0.5,28,18.5
1993,10,2,14.6,29,19
1993,10,3,15.9,25.5,20
1993,10,4,9.1,26,20
1993,10,5,3.3,30,17.5
1993,10,6,5.3,30.5,19
1993,10,7,5.5,29,20.5
1993,10,8,0,29.5,21
1993,10,9,12.5,30.5,18
1993,10,10,7.8,29.5,20
1993,10,11,5.2,29,20
1993,10,12,0.6,28.5,20
1993,10,13,5.1,29,19.5
1993,10,14,3.5,29,19
1993,10,15,0,31.5,18
1993,10,16,0.6,30,19
1993,10,17,0,29.4,19
1993,10,18,0,30.3,19.5
1993,10,19,0,29.3,19.5
1993,10,20,0,29.6,17
1993,10,21,17.5,29.5,18
1993,10,22,4.2,29,19.5
1993,10,23,3.7,28.5,19.5
1993,10,24,0.8,27,19.5
1993,10,25,5.6,27,18
1993,10,26,0.2,25.5,19
1993,10,27,9.7,25,20
1993,10,28,0,25.5,19
1993,10,29,0,25.5,19.5
1993,10,30,8.2,31,20
1993,10,31,3.8,21.5,19.5
1993,11,1,0,20.5,16
1993,11,2,1.1,26,15.5
1993,11,3,0.5,27,17
1993,11,4,4.5,27.5,18.5
1993,11,5,0,27,19
1993,11,6,0.6,30.5,16
1993,11,7,9.3,28,18
1993,11,8,8.9,23,19.5
1993,11,9,6,25,18.5
1993,11,10,2.3,27.5,18.5
1993,11,11,0,27,17
1993,11,12,0,28,16.5
1993,11,13,0,28.5,17.5
1993,11,14,0,29.5,18
1993,11,15,3,28,15.5
1993,11,16,3.7,27,17
1993,11,17,2.7,26.5,18
1993,11,18,0,26,18.5
1993,11,19,0,27,19
1993,11,20,6.5,27,17
1993,11,21,0.9,23.5,15.5
1993,11,22,0,25.5,16
1993,11,23,0,27.5,15.5
1993,11,24,0,26.5,16.5
1993,11,25,0,27.5,16
1993,11,26,0,26.5,15
1993,11,27,0,27,13
1993,11,28,0,27,14
1993,11,29,0,25,15.5
1993,11,30,2.7,22,14.5
1993,12,1,0,24,16
1993,12,2,6.2,22.5,17
1993,12,3,0.4,26,17
1993,12,4,8,26.5,15
1993,12,5,11.3,26.5,16
1993,12,6,9.6,22.5,19
1993,12,7,2.1,25,17
1993,12,8,0,25,17
1993,12,9,0,24.5,13
1993,12,10,8.6,27,14
1993,12,11,5.2,26,17
1993,12,12,0,23.5,18
1993,12,13,0,27.5,12.5
1993,12,14,0,28,12.5
1993,12,15,0,24,13.5
1993,12,16,0,25,13
1993,12,17,0,26,14
1993,12,18,0,26.5,13.5
1993,12,19,0,24,14.5
1993,12,20,0,24.5,12
1993,12,21,0,27,11
1993,12,22,0,25.5,10.5
1993,12,23,0,28.5,10.5
1993,12,24,0.7,28.5,11.5
1993,12,25,6.1,21,11.5
1993,12,26,0,19,14.5
1993,12,27,0,25,13.5
1993,12,28,0,24.5,14.5
1993,12,29,10.1,25,16
1993,12,30,19.9,25,17.5
1993,12,31,9.4,22,17
1994,1,1,6.9,27.8,15.6
1994,1,2,0,26.8,15.1
1994,1,3,0,27.5,12.7
1994,1,4,0,27.3,15.5
1994,1,5,0,26.4,14.6
1994,1,6,0,27.1,12.4
1994,1,7,0.3,29.8,12.1
1994,1,8,10.6,27,13.7
1994,1,9,8.7,25.6,13.2
1994,1,10,0,27.2,13.2
1994,1,11,0,26.4,13.9
1994,1,12,0,27.3,14.5
1994,1,13,7.3,29.6,13.3
1994,1,14,5,30.1,14.3
1994,1,15,0,23.7,14.4
1994,1,16,9.7,26.3,12.7
1994,1,17,0.5,29.1,13.4
1994,1,18,7,25.6,15.4
1994,1,19,3.8,26.2,15.5
1994,1,20,9.1,25.9,14.7
1994,1,21,4.7,24.9,16.2
1994,1,22,7.5,25.9,14.8
1994,1,23,6.9,26.5,14.8
1994,1,24,8.1,25.8,16.3
1994,1,25,2.2,27.5,16.7
1994,1,26,13.5,27.7,14.8
1994,1,27,0.3,28.2,15.8
1994,1,28,0,30.2,15.7
1994,1,29,0,29.9,15.8
1994,1,30,1,28.1,14.9
1994,1,31,0.6,26.9,15.5
1994,2,1,5.8,27.7,16.9
1994,2,2,3.2,26.7,16.5
1994,2,3,1.8,25.9,15.5
1994,2,4,0,26.5,15.7
1994,2,5,0,27.1,13.3
1994,2,6,5.2,26.6,11.1
1994,2,7,1.4,27.8,12.9
1994,2,8,0.5,27.5,15.5
1994,2,9,0,28.6,13.2
1994,2,10,2.7,28.8,14.2
1994,2,11,0.6,28.8,14
1994,2,12,0.3,28.8,15.2
1994,2,13,10.2,28.2,15.8
1994,2,14,0.7,26.4,16
1994,2,15,3.9,27.2,13.3
1994,2,16,8.5,26.1,13.6
1994,2,17,10.7,24.2,15.4
1994,2,18,5.2,26.1,14.7
1994,2,19,0,27.8,14.7
1994,2,20,1.3,28.7,13.7
1994,2,21,0,29,15.3
1994,2,22,0,29.4,14.8
1994,2,23,0,31.1,13.2
1994,2,24,0.3,28.8,14.9
1994,2,25,0,29.2,16.2
1994,2,26,9.8,28.1,15.9
1994,2,27,4,26.9,15.6
1994,2,28,0,27.2,13.3
1994,3,1,0,30.1,14.7
1994,3,2,1.9,27.1,14.8
1994,3,3,0,26.7,12.1
1994,3,4,0,29.2,9.4
1994,3,5,0,29.4,10.5
1994,3,6,0,31.5,10.9
1994,3,7,0,31.7,12.8
1994,3,8,0,32.3,12.8
1994,3,9,0,31.5,13.5
1994,3,10,7.5,25.7,15
1994,3,11,1.4,26.3,14.8
1994,3,12,0,27.7,14.8
1994,3,13,3.1,27.1,11.8
1994,3,14,0.3,28.7,14.3
1994,3,15,0,30,14.3
1994,3,16,0,30.3,14.2
1994,3,17,0,28.8,16.2
1994,3,18,0,30.5,15.5
1994,3,19,0,31.7,15.7
1994,3,20,0,30.3,16.1
1994,3,21,3.9,32.7,15.1
1994,3,22,0.6,31.9,16.1
1994,3,23,0,31.3,15.5
1994,3,24,0,32.6,15.7
1994,3,25,0,32.5,13.9
1994,3,26,0,32.9,15.7
1994,3,27,0,33.9,15.1
1994,3,28,1.9,30,16.1
1994,3,29,0.9,26.9,14.8
1994,3,30,0,26.8,15.7
1994,3,31,0,28,15.4
1994,4,1,0.8,25,16
1994,4,2,0,28,18
1994,4,3,6,31,19
1994,4,4,0,30.5,17.5
1994,4,5,0,29.5,13
1994,4,6,0,36,14.5
1994,4,7,0.6,29,16.5
1994,4,8,0,30,19.5
1994,4,9,0,30.5,15.5
1994,4,10,0,32,15
1994,4,11,0,33.5,18
1994,4,12,0,34,17.5
1994,4,13,0,33,16.5
1994,4,14,0,33,14.5
1994,4,15,0,32.5,15
1994,4,16,1.5,33,15
1994,4,17,2.3,30,15.5
1994,4,18,0,30.5,19
1994,4,19,0,30.5,18.5
1994,4,20,0,29.5,16
1994,4,21,0,31,18
1994,4,22,2.1,32.5,18
1994,4,23,3.1,31,17
1994,4,24,0,33,18
1994,4,25,0,33.5,15.5
1994,4,26,0.3,34,17
1994,4,27,0,34,18
1994,4,28,0,33,18.5
1994,4,29,0,33,18.5
1994,4,30,0,34.5,17
1994,5,1,0,33,18
1994,5,2,0,33,15
1994,5,3,0,34.5,16
1994,5,4,0,34.5,19
1994,5,5,0.2,33.5,20.5
1994,5,6,0,32.5,18.5
1994,5,7,0,33.5,16.5
1994,5,8,0,34,16
1994,5,9,0,34.5,16
1994,5,10,0,33.5,17
1994,5,11,0,33.5,18
1994,5,12,0,34,17
1994,5,13,0,32.5,19
1994,5,14,2,34.5,17
1994,5,15,0,32.5,18
1994,5,16,18.6,29,20
1994,5,17,0,32.5,18.5
1994,5,18,0,35.5,19
1994,5,19,0,33,18.5
1994,5,20,0,32.5,14.5
1994,5,21,0,29.5,20
1994,5,22,5.3,28,17
1994,5,23,0,28.5,19.5
1994,5,24,0,30.5,15.5
1994,5,25,0,32.5,19
1994,5,26,0,35,17.5
1994,5,27,0.7,36.5,19.5
1994,5,28,0,34,21.5
1994,5,29,18.2,30.5,20
1994,5,30,0,28.5,19.5
1994,5,31,4.7,30.5,18
1994,6,1,2.1,24,17
1994,6,2,0,28.5,18.5
1994,6,3,20.4,33,20
1994,6,4,20,32,19
1994,6,5,3.9,25,20.5
1994,6,6,5.5,32.5,19
1994,6,7,41,33,19
1994,6,8,4.1,30.5,20
1994,6,9,4.5,31.5,19
1994,6,10,2.4,29.5,19
1994,6,11,1.5,29,20.5
1994,6,12,10.9,29.5,18.5
1994,6,13,0.1,30,19
1994,6,14,0,30,17
1994,6,15,0,29.5,16
1994,6,16,0,29.5,16
1994,6,17,1.1,30,16.5
1994,6,18,0.2,29,18
1994,6,19,0.2,30,20
1994,6,20,10,31,19
1994,6,21,2,30,20
1994,6,22,0,31,18
1994,6,23,0,32,18
1994,6,24,0,31,16.5
1994,6,25,0.5,30,19.5
1994,6,26,3.2,27.5,19.5
1994,6,27,1.9,27,17.5
1994,6,28,0,29,18
1994,6,29,0,30,16.5
1994,6,30,0,29,18
1994,7,1,12.4,29,17.5
1994,7,2,3.4,29.5,17.8
1994,7,3,3.7,29.9,17.5
1994,7,4,6.9,29,16.8
1994,7,5,5.7,30.3,17.3
1994,7,6,0,29.4,17.5
1994,7,7,0,29.3,16.4
1994,7,8,5.2,29,15.7
1994,7,9,12.8,28.3,17.2
1994,7,10,7,27.7,18.9
1994,7,11,4.4,28.9,17.2
1994,7,12,6,28.6,18.6
1994,7,13,7.2,28.1,17.6
1994,7,14,1.5,28.6,17.8
1994,7,15,21.3,28.6,15.6
1994,7,16,5.9,25.6,17.9
1994,7,17,0.6,27.9,16.3
1994,7,18,0.4,28.2,16.6
1994,7,19,1.6,28,17.8
1994,7,20,16.7,28.6,19.1
1994,7,21,12.4,27.4,18.5
1994,7,22,3,28.4,19
1994,7,23,1.3,29.6,16.9
1994,7,24,3.5,28.4,17.4
1994,7,25,6.8,28.8,18.9
1994,7,26,0,29.2,15.5
1994,7,27,0,31.1,15.6
1994,7,28,4.1,30.6,16.7
1994,7,29,0,30,17.4
1994,7,30,0,29.5,16.4
1994,7,31,0,30.6,16.8
1994,8,1,0,31.5,18.4
1994,8,2,20.1,31.2,18.4
1994,8,3,9.9,30.1,17.7
1994,8,4,0.1,30.6,18.4
1994,8,5,3.5,32.1,18.7
1994,8,6,2.4,31.5,18
1994,8,7,3.5,31.3,17.5
1994,8,8,0,30.8,17.8
1994,8,9,0,31,18.5
1994,8,10,1.4,30.1,17.8
1994,8,11,7.8,31,17.8
1994,8,12,4.5,31.2,18.3
1994,8,13,14.4,30.5,17.9
1994,8,14,9.2,29.5,17.9
1994,8,15,1.2,29.4,18.4
1994,8,16,5.7,30.4,17.6
1994,8,17,25.8,29.6,18.5
1994,8,18,3,30.4,18.6
1994,8,19,0,29.5,18.1
1994,8,20,12,30.3,17
1994,8,21,0,29.9,17
1994,8,22,16.3,28.9,18.1
1994,8,23,0,31,18.6
1994,8,24,4.5,30.7,16.9
1994,8,25,18.1,30,16.9
1994,8,26,0.6,30.1,17.5
1994,8,27,4.2,29.5,17.7
1994,8,28,12.1,30.5,17.5
1994,8,29,8.1,29,18.8
1994,8,30,6.1,29,18.1
1994,8,31,3.5,30,17.4
1994,9,1,0.5,29,17.4
1994,9,2,0,28.9,16.5
1994,9,3,11.9,28,17
1994,9,4,22.4,28.3,17.9
1994,9,5,13.4,28.1,18.5
1994,9,6,20.5,29.9,18.6
1994,9,7,12.5,30.3,18.5
1994,9,8,5.4,30,17.6
1994,9,9,8.3,29.3,17.7
1994,9,10,3.4,30.4,17
1994,9,11,9.3,31.6,17.6
1994,9,12,10.4,30.5,18.7
1994,9,13,0,30.5,18.4
1994,9,14,1.5,31.4,18.6
1994,9,15,27.8,30.1,19.2
1994,9,16,26.1,30.3,19
1994,9,17,0.9,30.9,18.7
1994,9,18,29.7,29.2,19.2
1994,9,19,3.8,28.7,18.6
1994,9,20,9,29.6,19.3
1994,9,21,1.7,30,18.2
1994,9,22,8.9,30.3,17.7
1994,9,23,4.2,30.3,17.2
1994,9,24,1.4,29.6,17.5
1994,9,25,20.2,28.5,17.1
1994,9,26,9.7,28.1,18.7
1994,9,27,19.9,27.9,18.2
1994,9,28,0.7,28.6,17
1994,9,29,0.1,26.7,17.4
1994,9,30,3.6,29.4,16.6
1994,10,1,13.2,29.3,19.2
1994,10,2,28.3,30.1,19.2
1994,10,3,19,30.1,18.3
1994,10,4,7.4,30.3,18.9
1994,10,5,3.2,30,19.7
1994,10,6,0,30.8,18.6
1994,10,7,0,30.8,16.5
1994,10,8,19,30.2,17.1
1994,10,9,14.3,28.6,17.3
1994,10,10,3.7,28.3,18.3
1994,10,11,0.2,28.5,19
1994,10,12,5.5,27.7,19.3
1994,10,13,1.7,26.2,20
1994,10,14,20,29.3,19.7
1994,10,15,14.5,30.5,18.9
1994,10,16,0,31.3,16.6
1994,10,17,0,30.2,18
1994,10,18,8.8,30.7,17.6
1994,10,19,4,29.9,17.3
1994,10,20,7.8,27.6,18.8
1994,10,21,0.5,27.7,18.4
1994,10,22,0,29.6,14.4
1994,10,23,0,29.7,16.5
1994,10,24,0,29.8,16.9
1994,10,25,0,29.4,16
1994,10,26,0.6,27.2,17.7
1994,10,27,0,29.1,17.6
1994,10,28,12.3,29.6,14.9
1994,10,29,0,29.8,16.7
1994,10,30,0,29,15.2
1994,10,31,0.7,28.8,15.4
1994,11,1,8.7,29.6,16.6
1994,11,2,0,28.9,16.5
1994,11,3,4.8,29.4,15.2
1994,11,4,0.6,28.6,17.5
1994,11,5,0.4,28.4,18.3
1994,11,6,15.5,26.9,17.1
1994,11,7,0,27.1,17.9
1994,11,8,0.5,25.6,17
1994,11,9,3.4,27.7,17.1
1994,11,10,6.3,27.8,17.7
1994,11,11,2.7,27.1,16.5
1994,11,12,0,28.3,16.5
1994,11,13,0,27.8,14.8
1994,11,14,0,27.7,14.5
1994,11,15,2.4,27.6,13.4
1994,11,16,0,27.7,14.5
1994,11,17,0,28.9,14.3
1994,11,18,0,29,13.2
1994,11,19,0,28.4,14.4
1994,11,20,0,30,14.5
1994,11,21,10.2,30.8,15
1994,11,22,5.4,30.2,16.5
1994,11,23,7.9,28.4,16.4
1994,11,24,0.5,26,16.8
1994,11,25,0,26.8,16
1994,11,26,0,29.2,15.8
1994,11,27,0,31,15.5
1994,11,28,0,30.9,14.4
1994,11,29,0,30.6,15.2
1994,11,30,3.3,29.3,15.8
1994,12,1,12.1,29.1,17
1994,12,2,0.7,26.7,16.7
1994,12,3,0,27.1,14.8
1994,12,4,4,28.5,15
1994,12,5,5.2,27.7,15.4
1994,12,6,12.4,26.3,16.7
1994,12,7,0.9,27.7,15.5
1994,12,8,0,26.5,17.4
1994,12,9,0,27.2,15.9
1994,12,10,0.9,28.6,14.2
1994,12,11,3.4,25.6,15
1994,12,12,0.2,26.4,17.1
1994,12,13,0,28.4,14.1
1994,12,14,5.1,28.6,14.3
1994,12,15,0.8,26.7,14.2
1994,12,16,1,27.7,14.3
1994,12,17,1.8,26.9,14.6
1994,12,18,0.7,27.4,15
1994,12,19,0,26.4,14.6
1994,12,20,0.1,28.6,14
1994,12,21,0,28.2,15.3
1994,12,22,3.9,28.3,14.9
1994,12,23,0,26.6,14.2
1994,12,24,5.6,26.5,13.8
1994,12,25,2.1,23.2,14.7
1994,12,26,0.1,25.2,16.2
1994,12,27,0,26.5,15.3
1994,12,28,0,26.3,12.9
1994,12,29,6.9,27.1,13.7
1994,12,30,2.2,26.7,14.5
1994,12,31,8,27.3,13
1995,1,1,0,26.6,14.3
1995,1,2,7.1,26.5,14.1
1995,1,3,0,29,14.6
1995,1,4,2.3,28,15.3
1995,1,5,0,28.1,15.1
1995,1,6,0,29.4,14.9
1995,1,7,0.3,28.5,14.3
1995,1,8,1.7,27.5,14.9
1995,1,9,1.8,26.3,16.5
1995,1,10,4.1,26.8,16
1995,1,11,0,28.5,13.9
1995,1,12,0,28.3,13.2
1995,1,13,0,28.7,13.6
1995,1,14,0,28.7,13.3
1995,1,15,0,26.5,14.1
1995,1,16,6.2,28,14.1
1995,1,17,0,28.9,13.3
1995,1,18,0,30.2,13.1
1995,1,19,0,27.8,14.1
1995,1,20,0,29,15.2
1995,1,21,0,28,15.2
1995,1,22,0,29.2,15.9
1995,1,23,0,28.4,13.6
1995,1,24,5.9,27.7,14.3
1995,1,25,11,25.4,15
1995,1,26,0,27.8,16.1
1995,1,27,0,30.4,13.4
1995,1,28,0,31.8,14.2
1995,1,29,0,29.5,15.1
1995,1,30,4.4,28.7,16.5
1995,1,31,0,26.6,15.9
1995,2,1,0,26.6,14.5
1995,2,2,0,28.7,14.9
1995,2,3,0.3,27.7,15.8
1995,2,4,13.8,24.8,15.4
1995,2,5,3.1,24.4,14.3
1995,2,6,0,26.5,14.4
1995,2,7,0,29.5,10.8
1995,2,8,0,28.6,11
1995,2,9,0,26.6,13.2
1995,2,10,0,31,11.9
1995,2,11,0,33,13.3
1995,2,12,0,33.7,13.9
1995,2,13,0,31.3,12.8
1995,2,14,0,31.8,12.8
1995,2,15,0,34,12.3
1995,2,16,0,33.4,13.7
1995,2,17,0.7,28.7,12.9
1995,2,18,3.8,27.5,14.2
1995,2,19,4.3,26,15.6
1995,2,20,7.9,25,16.1
1995,2,21,0.6,23.3,14.6
1995,2,22,0,25.9,12.4
1995,2,23,2.8,28.6,11.6
1995,2,24,3.1,27.7,12.5
1995,2,25,0.7,26.6,14.2
1995,2,26,0,29.2,12.8
1995,2,27,0,31,13.3
1995,2,28,0,29.4,13.5
1995,3,1,0,28.9,14.7
1995,3,2,0,28.8,15.6
1995,3,3,0,30.6,15.3
1995,3,4,0,30.8,15.6
1995,3,5,0,31.1,13.7
1995,3,6,1.7,32.5,14.7
1995,3,7,0.3,32.1,14.3
1995,3,8,15.2,26.3,15
1995,3,9,1.7,22.5,14
1995,3,10,0,26.6,13.8
1995,3,11,0,28.6,12.1
1995,3,12,0,31.4,12.3
1995,3,13,6.1,32,13
1995,3,14,0,30.5,14.4
1995,3,15,0,29.8,14
1995,3,16,3.3,27.5,13.4
1995,3,17,0,29.4,13.9
1995,3,18,0,27.8,15.5
1995,3,19,0,28.8,15.8
1995,3,20,0,31.3,15
1995,3,21,0,33.6,14.2
1995,3,22,0,34.3,15.3
1995,3,23,0,34.8,16.1
1995,3,24,0,34.6,15.3
1995,3,25,0,35.8,15.4
1995,3,26,0,35.1,16.2
1995,3,27,0,35.3,16.2
1995,3,28,0,33.1,17.6
1995,3,29,4.9,32.5,15.8
1995,3,30,0,32.1,16.7
1995,3,31,9.6,33.2,15.3
1995,4,1,13.5,30.6,16.1
1995,4,2,5.4,29.7,16.2
1995,4,3,0,30.8,17.9
1995,4,4,0,32.4,14.9
1995,4,5,0.9,33.5,16.5
1995,4,6,0.6,31.7,16.8
1995,4,7,0.5,32.1,18.4
1995,4,8,8.7,31.8,16.7
1995,4,9,0,34.9,16.2
1995,4,10,0,35,16.2
1995,4,11,10.1,34.5,16.4
1995,4,12,0,31.1,16.5
1995,4,13,0.7,31,16
1995,4,14,1.9,32.1,16.4
1995,4,15,0,33.2,14.9
1995,4,16,0,32.3,15.5
1995,4,17,0.3,32.8,15.2
1995,4,18,4.7,33.3,15.7
1995,4,19,0.3,34.9,15.8
1995,4,20,1.9,34.2,15.8
1995,4,21,0.9,34.1,16.3
1995,4,22,0,34.2,15.9
1995,4,23,11.6,33,16.6
1995,4,24,14,29.7,18
1995,4,25,1.1,29.9,16.3
1995,4,26,24.3,29.1,16.7
1995,4,27,1.9,27.5,16.8
1995,4,28,0,32.2,17.3
1995,4,29,0,33.5,15.8
1995,4,30,6.8,34.3,16.1
1995,5,1,0,33,17.1
1995,5,2,3.2,32.1,16.7
1995,5,3,0,32.8,16.2
1995,5,4,11.7,32.9,16.5
1995,5,5,0.6,32.3,15.9
1995,5,6,0,32.1,17
1995,5,7,7.7,33,17.9
1995,5,8,43.7,32.8,16.6
1995,5,9,0.3,32.4,16.8
1995,5,10,25.9,32.6,16.5
1995,5,11,0,33.2,16.7
1995,5,12,5.7,33.5,17.1
1995,5,13,3.1,33.4,16.2
1995,5,14,9.7,34.3,17
1995,5,15,2.1,32.8,16.8
1995,5,16,0,32.8,17.4
1995,5,17,0.3,34.6,16
1995,5,18,3.5,33.8,17.2
1995,5,19,1.1,33.7,16.8
1995,5,20,4,33.2,16.4
1995,5,21,9.5,32,17.3
1995,5,22,0,31.4,16.8
1995,5,23,0,34.5,17.3
1995,5,24,6.8,30.5,17
1995,5,25,0.6,32.3,15.4
1995,5,26,0,34.4,16.7
1995,5,27,1.9,34.8,17.1
1995,5,28,2,33.2,17.6
1995,5,29,0.8,33.3,17.8
1995,5,30,0,33.2,17.5
1995,5,31,0,32.4,16.5
1995,6,1,3.7,33,17.3
1995,6,2,3.5,32.3,16.7
1995,6,3,4.7,31.7,16.9
1995,6,4,0,32.2,17.5
1995,6,5,0.3,33.7,18.6
1995,6,6,0.1,34.2,18.1
1995,6,7,7.6,34.7,17.6
1995,6,8,3.3,34.8,19
1995,6,9,7.6,35,18.1
1995,6,10,4.9,32.8,18.1
1995,6,11,2.8,32,17.5
1995,6,12,10.6,29.8,19
1995,6,13,10.5,29.8,18.4
1995,6,14,13.4,29.6,19.5
1995,6,15,20.2,29.3,18.9
1995,6,16,19.1,28.4,18.9
1995,6,17,20,27.9,17.5
1995,6,18,25.2,29.1,16.2
1995,6,19,35.9,30.8,17.3
1995,6,20,28.5,28.4,19.1
1995,6,21,6.6,27.2,18.2
1995,6,22,2.3,27.8,18
1995,6,23,1.5,28.7,18.7
1995,6,24,38.3,30.4,19
1995,6,25,28.8,29.7,19.7
1995,6,26,19.4,30,18.7
1995,6,27,23.5,30.3,18.5
1995,6,28,0,31,17.9
1995,6,29,0,32.8,17.5
1995,6,30,0,32.9,16.7
1995,7,1,17.6,31.1,17.1
1995,7,2,5.6,30.4,17
1995,7,3,2.6,30.8,17.8
1995,7,4,1.4,30.4,19.9
1995,7,5,1.9,30.7,17.7
1995,7,6,10.1,29.4,18
1995,7,7,20.8,28,18
1995,7,8,23.3,28.4,17.2
1995,7,9,22.8,27.2,18.6
1995,7,10,2.5,26.8,17.1
1995,7,11,3.7,28.1,18.2
1995,7,12,4.6,27.7,18.5
1995,7,13,0,30,18.2
1995,7,14,0,31.2,17.7
1995,7,15,1.4,30.9,16.4
1995,7,16,2.8,31.1,15.1
1995,7,17,0.6,30.6,17.2
1995,7,18,3.3,31.4,17.7
1995,7,19,2,29.3,17.9
1995,7,20,0,30.8,17
1995,7,21,6.5,30.2,17.3
1995,7,22,3.6,30.7,18.3
1995,7,23,11.2,28.6,17.4
1995,7,24,9.4,31.1,18.1
1995,7,25,4.3,32.4,18.6
1995,7,26,2.8,29.6,17.9
1995,7,27,20.2,30.9,17.1
1995,7,28,5.8,30.9,18.6
1995,7,29,0.4,31.7,17.3
1995,7,30,0.9,32.2,17.8
1995,7,31,1.3,32.7,18
1995,8,1,7.8,31.7,17.9
1995,8,2,2.4,30.7,19.6
1995,8,3,2.5,29.8,19.3
1995,8,4,16.2,29.8,19.2
1995,8,5,21.9,30.7,18.3
1995,8,6,26.5,29.8,18.8
1995,8,7,10.2,27.5,18
1995,8,8,6.5,28.1,18.3
1995,8,9,13,28.8,17.6
1995,8,10,0.9,30.1,18.3
1995,8,11,4.5,31.1,18.3
1995,8,12,0.9,32.5,19.6
1995,8,13,2.2,30.8,17.6
1995,8,14,19.9,30.3,17.7
1995,8,15,8.7,30.4,20.1
1995,8,16,8,29.4,18.3
1995,8,17,10.6,29.5,18.4
1995,8,18,7.2,27.8,17.5
1995,8,19,38.8,26.5,19.2
1995,8,20,5.9,27.9,18.4
1995,8,21,1.7,29.5,19.1
1995,8,22,8.7,31,17.6
1995,8,23,5,31.8,17.2
1995,8,24,66.6,29.7,18.1
1995,8,25,17.2,31.4,16.9
1995,8,26,36.9,32.5,18.7
1995,8,27,40.4,30.7,17.7
1995,8,28,44,29.5,18.5
1995,8,29,17.5,29.8,18.3
1995,8,30,14.3,29,18.6
1995,8,31,6.3,28.9,18.8
1995,9,1,3.5,31.7,18.5
1995,9,2,22.8,31.8,18.5
1995,9,3,36.7,29.2,17.9
1995,9,4,9.9,30.3,17.4
1995,9,5,16.5,30.2,17.9
1995,9,6,14.9,29.7,17.9
1995,9,7,21.8,30.1,18.7
1995,9,8,15.9,29.5,18.7
1995,9,9,12.5,28.6,18.6
1995,9,10,5.9,28.8,18.2
1995,9,11,1.2,32.4,18.9
1995,9,12,13.2,31.6,19.2
1995,9,13,0.7,30.3,18.6
1995,9,14,1.4,29.8,18.5
1995,9,15,14.5,30.2,18.9
1995,9,16,8,30.9,18.2
1995,9,17,11.3,30.9,18.7
1995,9,18,0,29.9,18.2
1995,9,19,3.9,29.7,17.8
1995,9,20,23.7,31.6,18.6
1995,9,21,0,31,18
1995,9,22,18.8,31.6,19.1
1995,9,23,6.6,30.7,18.2
1995,9,24,4.5,31.3,17.8
1995,9,25,14.8,30.8,18.2
1995,9,26,20.4,30.7,17.8
1995,9,27,5.9,27.6,17.4
1995,9,28,3.4,27.5,18
1995,9,29,1.6,27.2,17.6
1995,9,30,0.5,28,18.2
1995,10,1,7.4,28.5,17.5
1995,10,2,13.8,29.4,16.7
1995,10,3,1.4,29.6,17.8
1995,10,4,10.9,30.3,17.4
1995,10,5,18.3,31.2,17.6
1995,10,6,29.4,29.8,18.3
1995,10,7,6.6,29.4,17.7
1995,10,8,0,28.1,16.5
1995,10,9,3.5,28.3,16.7
1995,10,10,0.4,26.9,16.2
1995,10,11,9.2,26.2,17.2
1995,10,12,0,26.3,17.5
1995,10,13,0,27.6,16.2
1995,10,14,0,28.5,16.4
1995,10,15,0.3,25.1,16.1
1995,10,16,0,27.6,16.8
1995,10,17,6.9,28.4,16.7
1995,10,18,8.4,27.4,16.8
1995,10,19,0.2,28.1,17
1995,10,20,13.9,23.9,16.3
1995,10,21,1.4,26.8,16.8
1995,10,22,0.4,28.2,17.3
1995,10,23,3.8,28,17.7
1995,10,24,7.2,28.7,17.6
1995,10,25,6,28.1,16.8
1995,10,26,0,29.5,16.4
1995,10,27,0.6,30.1,17.5
1995,10,28,4.9,27.5,15.9
1995,10,29,8.5,28.2,17.1
1995,10,30,0.6,30.7,17.3
1995,10,31,0.9,32.6,17.9
1995,11,1,0,33.2,16.3
1995,11,2,0,31,16.7
1995,11,3,6.7,31.3,16.2
1995,11,4,3.8,28.3,16.6
1995,11,5,8,28.8,17.1
1995,11,6,1.7,29.5,17.1
1995,11,7,0.3,29.9,17.4
1995,11,8,1.5,30.4,15.3
1995,11,9,0,29.9,15.7
1995,11,10,7.9,31.5,16.3
1995,11,11,6,29.7,15.3
1995,11,12,4.3,28,16.4
1995,11,13,0,28.8,16.3
1995,11,14,3.7,28.6,16.2
1995,11,15,4.9,28.7,16.1
1995,11,16,7.9,29.3,14.5
1995,11,17,0,30.3,15.3
1995,11,18,0,28.5,15
1995,11,19,4.2,29.1,15.9
1995,11,20,8,28.5,16
1995,11,21,24.1,25.6,17
1995,11,22,0.7,25.4,15.5
1995,11,23,2.2,26.2,13.1
1995,11,24,3.3,24.6,14.1
1995,11,25,2.1,23.8,12.5
1995,11,26,0.3,25.1,11.9
1995,11,27,0,30.1,14.1
1995,11,28,0,30.3,15.6
1995,11,29,0,29.3,15.9
1995,11,30,0.4,29.4,15.5
1995,12,1,1.5,29.2,16.1
1995,12,2,0,29.5,16.5
1995,12,3,0,29.4,14.7
1995,12,4,0,30,16.2
1995,12,5,6.6,27.8,15.7
1995,12,6,0,27.1,11.9
1995,12,7,0,27.3,10.6
1995,12,8,0,29.3,12
1995,12,9,0,29.2,13.9
1995,12,10,5.9,27.6,13.8
1995,12,11,3.6,27.7,13.9
1995,12,12,2.9,25.1,15.3
1995,12,13,8.9,28.8,16.4
1995,12,14,0,27.6,16.5
1995,12,15,0.6,27.6,16.3
1995,12,16,0,26.5,15.5
1995,12,17,0,28.1,13.9
1995,12,18,0,31.4,15.1
1995,12,19,0.3,29.5,15.5
1995,12,20,2.1,28.6,15.6
1995,12,21,6.9,30.3,16.4
1995,12,22,0,28.8,15.7
1995,12,23,3.4,27,14.4
1995,12,24,1,27.1,15
1995,12,25,3.8,27.3,15.1
1995,12,26,0.7,27.7,15.5
1995,12,27,8.8,26.6,15.9
1995,12,28,1.3,27.9,15.7
1995,12,29,3.2,29.6,16.6
1995,12,30,0.8,27.9,15
1995,12,31,0.5,29.3,15.4
1996,1,1,0,31.1,15.8
1996,1,2,0,29,15.7
1996,1,3,0.1,28.7,13.8
1996,1,4,5.2,30.7,15.1
1996,1,5,0,30.1,14.9
1996,1,6,0.7,29.6,14.3
1996,1,7,13.5,27.8,14.6
1996,1,8,2.2,28.2,12.5
1996,1,9,1.7,26.5,12.1
1996,1,10,0.8,26.4,11.4
1996,1,11,0,28.2,9.6
1996,1,12,1.4,27.4,10.6
1996,1,13,0,25.2,11.7
1996,1,14,0,25.1,11
1996,1,15,0,26.1,9.2
1996,1,16,0,25.9,9.9
1996,1,17,0,30.5,10.3
1996,1,18,0,28.5,10.5
1996,1,19,4.2,23.7,11.3
1996,1,20,0,26.5,13
1996,1,21,3.2,25.6,10.7
1996,1,22,7,25.9,11.6
1996,1,23,0,28.7,12.5
1996,1,24,0,31.1,13.5
1996,1,25,0,28.1,14.8
1996,1,26,0,29.6,14.6
1996,1,27,12.6,28.9,14.3
1996,1,28,0,29.4,14.6
1996,1,29,0,28.7,14.8
1996,1,30,0,28.2,14.1
1996,1,31,0,28.3,11.4
1996,2,1,0,28.8,13.2
1996,2,2,0,30,13
1996,2,3,7.1,28.2,12.1
1996,2,4,11.2,26.8,13.4
1996,2,5,0,21.8,11.4
1996,2,6,0,22.2,11.2
1996,2,7,8.6,24.7,11.2
1996,2,8,0,27.3,12.1
1996,2,9,0,29,10.7
1996,2,10,0,28.7,11.9
1996,2,11,4.5,27.4,11.4
1996,2,12,0.3,26.3,11.6
1996,2,13,0,27.4,11.5
1996,2,14,0,26.9,12.3
1996,2,15,7.9,30,11.6
1996,2,16,0,27.8,13
1996,2,17,0,29.6,13.3
1996,2,18,0,30.8,15.1
1996,2,19,0,32.1,15.6
1996,2,20,0,31.6,15.4
1996,2,21,0,30.3,11.8
1996,2,22,0,30.1,11
1996,2,23,0,32.1,11.5
1996,2,24,0,31.3,12.9
1996,2,25,0,31.6,13.1
1996,2,26,0,31.9,13.8
1996,2,27,0,32.2,13.9
1996,2,28,0,31.8,13
1996,2,29,0,31.5,12.8
1996,3,1,0,30.7,14.8
1996,3,2,1.1,30.7,13.7
1996,3,3,3.1,29.9,14.3
1996,3,4,4,30.9,14.8
1996,3,5,0.3,32.3,14.1
1996,3,6,0,32.3,14.1
1996,3,7,18.9,31.7,15
1996,3,8,2.5,27.8,13.3
1996,3,9,2.7,26.7,12.4
1996,3,10,1.4,27,13
1996,3,11,0.3,26.2,12.9
1996,3,12,0,27.3,10.3
1996,3,13,0,30.9,10
1996,3,14,0,30.9,9.5
1996,3,15,0,31.4,9.9
1996,3,16,0,33.2,10.1
1996,3,17,0,33.4,12.2
1996,3,18,0,32.8,12.1
1996,3,19,1.9,28.6,14.3
1996,3,20,1.4,29.6,13.2
1996,3,21,0.3,28.4,11.1
1996,3,22,0,29.7,12.7
1996,3,23,1.1,31.2,13.4
1996,3,24,7.8,32.5,13.2
1996,3,25,8.1,33.1,13.8
1996,3,26,19.5,31.6,13.9
1996,3,27,1.1,32.2,15.3
1996,3,28,1,32.2,15
1996,3,29,0.3,32.7,15.3
1996,3,30,0,33.9,15.1
1996,3,31,0,32.9,14.4
1996,4,1,2.2,30,15.2
1996,4,2,0,33.3,16
1996,4,3,0,32.8,15.3
1996,4,4,0,34.2,15.2
1996,4,5,0,32.6,15.6
1996,4,6,3.4,31.2,14.7
1996,4,7,0,31.5,15.1
1996,4,8,0,32.7,15.6
1996,4,9,0,30.7,16.3
1996,4,10,0,33.3,16.2
1996,4,11,0,32.6,15.9
1996,4,12,8.2,33.8,16.3
1996,4,13,11.7,33.9,15.6
1996,4,14,17.8,32.5,15
1996,4,15,18.2,33.5,16.3
1996,4,16,0,32.3,15.5
1996,4,17,0,31.6,16.6
1996,4,18,10.9,33.8,16
1996,4,19,8.7,33.3,17.1
1996,4,20,0,33.6,14.7
1996,4,21,6.5,32.6,15.8
1996,4,22,9.5,32,16.5
1996,4,23,17.4,29.7,16.2
1996,4,24,2,30.5,15.7
1996,4,25,8,31.4,16.2
1996,4,26,15.5,32.1,16.1
1996,4,27,13.3,31.5,15.9
1996,4,28,0.1,32.4,16.7
1996,4,29,20.6,33.4,16.8
1996,4,30,0.5,31.8,15.9
1996,5,1,0,32.6,16.1
1996,5,2,0,33.8,16.4
1996,5,3,0,32.6,16.9
1996,5,4,0,32.3,17
1996,5,5,0,32.8,17.8
1996,5,6,0,32.3,17.8
1996,5,7,0.6,30.6,17.5
1996,5,8,0,30.9,17
1996,5,9,0,31.7,16.6
1996,5,10,0,31.6,16.1
1996,5,11,5.9,30.9,16.1
1996,5,12,18.7,29.8,16.8
1996,5,13,3.3,29.4,18
1996,5,14,0.3,28.7,16.4
1996,5,15,0,30.7,17.2
1996,5,16,10.3,28.7,18.1
1996,5,17,0.3,29,17
1996,5,18,9,29.1,16.7
1996,5,19,1.4,30.1,15.8
1996,5,20,0,32.3,16.8
1996,5,21,1,32.2,17.4
1996,5,22,8.4,32.8,16.7
1996,5,23,6.6,32.4,18.3
1996,5,24,22.5,32.6,17.7
1996,5,25,6.8,32.7,17.8
1996,5,26,6.5,31.9,18.2
1996,5,27,4.5,31.3,17.8
1996,5,28,0,31.3,17
1996,5,29,9.8,32.9,17.7
1996,5,30,10.4,32.9,18
1996,5,31,9.4,32.2,19.2
1996,6,1,9.4,31,17.7
1996,6,2,11.2,30,17.6
1996,6,3,13.3,29.5,16.3
1996,6,4,23.4,30.1,16.7
1996,6,5,2.3,31.8,17.4
1996,6,6,0,31,18.3
1996,6,7,0,30.2,18
1996,6,8,0.5,30.6,17.3
1996,6,9,9.7,32.4,16.3
1996,6,10,10.5,31.9,18.2
1996,6,11,4,30.6,17.8
1996,6,12,17.6,31.1,18
1996,6,13,8.4,30.8,17.6
1996,6,14,9.5,30.2,17.8
1996,6,15,5.1,31.4,16.9
1996,6,16,5.5,31.3,17.3
1996,6,17,0,30.4,18.5
1996,6,18,3.9,31,16.9
1996,6,19,1.4,30.5,18
1996,6,20,12.4,30.1,17.6
1996,6,21,16.3,30.7,17.8
1996,6,22,0.6,30.4,16.8
1996,6,23,9.1,30.3,17.8
1996,6,24,7,29.4,17.8
1996,6,25,10.2,30.2,17.2
1996,6,26,8.4,31.4,17.4
1996,6,27,5.5,30.2,18.3
1996,6,28,7.6,30.7,18.1
1996,6,29,9.4,31.1,17.9
1996,6,30,13.2,31.9,17.8
1996,7,1,8.8,30,17.9
1996,7,2,12.3,29.2,17.7
1996,7,3,11.4,28.3,18
1996,7,4,35,29.5,17.2
1996,7,5,12.3,28.9,18.8
1996,7,6,10.3,29,18
1996,7,7,0,27.9,17.7
1996,7,8,0,31.2,18
1996,7,9,0.8,31.2,18
1996,7,10,0,31.4,17.2
1996,7,11,0.1,31.1,17.9
1996,7,12,0,31.3,18.2
1996,7,13,0.7,31,18.2
1996,7,14,14.6,30,17.9
1996,7,15,0.9,28.6,17.9
1996,7,16,4.2,28.6,17.6
1996,7,17,7.7,30.7,17.7
1996,7,18,36.2,29.6,18.4
1996,7,19,19,28.2,18.4
1996,7,20,5.5,28.9,18.1
1996,7,21,14.2,31,18.3
1996,7,22,0.7,29.7,18
1996,7,23,5.3,30.8,17
1996,7,24,6,31.1,17.7
1996,7,25,7.5,29.6,17.6
1996,7,26,2.2,29.8,17.6
1996,7,27,2.8,29.4,18.1
1996,7,28,20.3,28.4,17.6
1996,7,29,17.1,28.5,17.7
1996,7,30,10,27.7,18
1996,7,31,2.5,28.6,18.7
1996,8,1,0.9,28.2,16.5
1996,8,2,10.4,31.4,15.7
1996,8,3,0,31.7,17.5
1996,8,4,0,31.7,17.2
1996,8,5,9.1,31.6,17.8
1996,8,6,1.4,29.7,17.1
1996,8,7,15.4,29.4,16.5
1996,8,8,20.6,27.7,16.5
1996,8,9,16.9,28.2,17.7
1996,8,10,0.5,28.1,16.9
1996,8,11,0,30.7,17.2
1996,8,12,4,30.5,16.2
1996,8,13,0,27.9,16.4
1996,8,14,0.5,28.3,16.2
1996,8,15,8.5,29.5,16.3
1996,8,16,16.5,30.1,17
1996,8,17,13,30.4,16.1
1996,8,18,7.9,30.4,16.6
1996,8,19,10.4,29.7,17.3
1996,8,20,6.2,29.3,16.8
1996,8,21,19.4,28.7,17.7
1996,8,22,34.3,29,17
1996,8,23,30.9,29.8,16.9
1996,8,24,17.8,31.1,16.8
1996,8,25,10.6,29.4,17.2
1996,8,26,3.9,29.2,16.7
1996,8,27,0.1,29.3,16.6
1996,8,28,0.9,30.2,17
1996,8,29,0.3,31.1,17.2
1996,8,30,0,30.7,16.9
1996,8,31,4.7,31.4,16
1996,9,1,0,30.2,16.2
1996,9,2,6.4,30.7,16.4
1996,9,3,4.4,30.7,17.7
1996,9,4,0.3,30.8,17.4
1996,9,5,0.3,31.3,17.2
1996,9,6,1.9,31.6,16.8
1996,9,7,23.8,30.7,17.2
1996,9,8,5,30.8,18.3
1996,9,9,14.6,30.1,17.5
1996,9,10,16.5,30.2,16.5
1996,9,11,16.8,28.9,17
1996,9,12,5.6,29.7,17.7
1996,9,13,6.2,29.6,18.3
1996,9,14,9.8,29.4,17.2
1996,9,15,16.7,30.7,17.5
1996,9,16,8.6,30.4,18
1996,9,17,1.1,30.7,17.9
1996,9,18,1.4,30.5,17.5
1996,9,19,0,30.7,17.3
1996,9,20,3.5,30.6,17.9
1996,9,21,15.3,30.5,18.1
1996,9,22,15.3,29.6,17.6
1996,9,23,2.8,30.1,16.9
1996,9,24,7.1,30.2,17.9
1996,9,25,3.5,29.3,18.4
1996,9,26,0,29.1,18.1
1996,9,27,0,30.5,16.4
1996,9,28,21.5,30.1,17.1
1996,9,29,15.3,30.3,18.1
1996,9,30,0.7,30.7,18
1996,10,1,35.2,30.1,18.3
1996,10,2,4.8,28.7,18
1996,10,3,5.5,28.8,17.8
1996,10,4,30,29.8,16.9
1996,10,5,12.2,29.6,14
1996,10,6,6.8,28.7,17.1
1996,10,7,2.5,29.2,17.9
1996,10,8,0.6,27.5,16.8
1996,10,9,0.7,25.8,16.5
1996,10,10,0.9,25.7,16.6
1996,10,11,0.9,26.6,14.9
1996,10,12,8.5,26.3,14.1
1996,10,13,13.7,26.8,14.4
1996,10,14,3.6,26.8,16.1
1996,10,15,1.4,27,16
1996,10,16,0,27.4,15.8
1996,10,17,0.3,29.2,15.8
1996,10,18,0.7,27.9,17.3
1996,10,19,3.8,28.1,16.2
1996,10,20,0,29.4,15.5
1996,10,21,0,29.1,17
1996,10,22,8.8,30.9,16.9
1996,10,23,1.9,28.6,17.7
1996,10,24,0.6,29.9,17.1
1996,10,25,6,29.5,16.8
1996,10,26,7.7,28.2,16.3
1996,10,27,3.6,27.4,16.7
1996,10,28,8.3,26.7,16.4
1996,10,29,0,27.7,17.9
1996,10,30,0.3,28.4,15.8
1996,10,31,0,28.7,17.2
1996,11,1,0.6,26,16.6
1996,11,2,40.3,25.7,14.9
1996,11,3,32.2,25.2,15.7
1996,11,4,17.7,24.4,16
1996,11,5,7.4,26,18.2
1996,11,6,0.7,26.8,17.7
1996,11,7,0,28.8,15.4
1996,11,8,43.4,27.4,16
1996,11,9,7,24.7,15.6
1996,11,10,5.3,23.5,14.1
1996,11,11,0.3,23.4,12.5
1996,11,12,3.3,21.8,14
1996,11,13,9.1,23.8,13.9
1996,11,14,2.5,24.4,14.4
1996,11,15,0.7,25.5,15.5
1996,11,16,0,27.4,14.7
1996,11,17,15.6,27.6,14.3
1996,11,18,4.7,26,14.8
1996,11,19,0.6,27.5,16
1996,11,20,0,27.1,14.6
1996,11,21,0,28.2,13.6
1996,11,22,1.4,29,15.3
1996,11,23,0,26.7,16
1996,11,24,0,28.6,14.1
1996,11,25,14.8,27.1,14.6
1996,11,26,15.3,25,15.1
1996,11,27,2.4,23.1,15.1
1996,11,28,0.3,23.2,15.8
1996,11,29,0.3,27.6,15.4
1996,11,30,0,29.3,14.9
1996,12,1,2.3,26.8,15.4
1996,12,2,1.8,24.1,16.7
1996,12,3,8,26.4,15.9
1996,12,4,0.4,27,17
1996,12,5,0,26.8,14.3
1996,12,6,3.7,27.1,14.4
1996,12,7,0.7,28.4,12.4
1996,12,8,9.2,25.6,12.9
1996,12,9,7.3,26.8,15.4
1996,12,10,9,25.2,15.9
1996,12,11,0,27.9,12.6
1996,12,12,1.1,26.9,14.1
1996,12,13,8.7,26.8,13.8
1996,12,14,5.2,26.3,15.5
1996,12,15,0.3,27.9,15.6
1996,12,16,0,26.7,15.3
1996,12,17,0,26.2,14.7
1996,12,18,4.4,26.8,14.1
1996,12,19,3.2,25.5,14.6
1996,12,20,1,26,13.7
1996,12,21,6.1,23.4,15.4
1996,12,22,0.8,24,15.3
1996,12,23,0.3,25.4,16
1996,12,24,0,27,13.5
1996,12,25,2.4,26.6,13.9
1996,12,26,8.2,26.8,15.1
1996,12,27,0,28.6,13.7
1996,12,28,0,27.2,12.3
1996,12,29,0,27.4,12.5
1996,12,30,0,28,13.5
1996,12,31,0,27.5,13
1997,1,1,0,27.7,14.5
1997,1,2,0,27.4,13.2
1997,1,3,0,28.4,12.7
1997,1,4,0,30.2,13.4
1997,1,5,0,30.3,13
1997,1,6,0,30.3,10.7
1997,1,7,0,28.2,12
1997,1,8,7.9,28.9,13.4
1997,1,9,0.3,28.7,14.3
1997,1,10,0,25.4,14.3
1997,1,11,0,29,14.4
1997,1,12,3.5,28.6,14.7
1997,1,13,1,26,15.4
1997,1,14,0.3,25.3,15.2
1997,1,15,0.3,27.7,14
1997,1,16,0.7,25.3,14.5
1997,1,17,4.1,24.7,15.6
1997,1,18,1.3,22.9,15.2
1997,1,19,7.2,25.8,14.5
1997,1,20,0.3,25.9,14.8
1997,1,21,0,27.1,13.7
1997,1,22,0,27.9,11.7
1997,1,23,0,28.9,11.5
1997,1,24,0,29.3,12
1997,1,25,2.1,29,12.9
1997,1,26,6.2,27.4,13.4
1997,1,27,0.3,27.2,13.3
1997,1,28,1,27.4,13.1
1997,1,29,0.3,25.9,13.7
1997,1,30,1,25.2,15.4
1997,1,31,2,26.5,16.5
1997,2,1,0,27.9,14.3
1997,2,2,8.9,28.6,14.8
1997,2,3,0.3,28.2,14.8
1997,2,4,5.5,28.6,14.8
1997,2,5,2.7,26.6,15.8
1997,2,6,0,27.6,15.1
1997,2,7,4.1,28.2,14.2
1997,2,8,8.6,28.1,13.9
1997,2,9,0,29.2,13.6
1997,2,10,9.7,27.7,14.6
1997,2,11,0.9,25.8,14.5
1997,2,12,0,28.5,15.4
1997,2,13,0,29.6,15.3
1997,2,14,23.3,29.1,15.6
1997,2,15,9.4,23.4,15.3
1997,2,16,6.2,21.7,14.5
1997,2,17,8.2,21.5,14.2
1997,2,18,0.3,25.5,15.3
1997,2,19,0,27.3,14.8
1997,2,20,0,28.8,14.6
1997,2,21,4.5,30.7,15.5
1997,2,22,5.4,27.7,15
1997,2,23,6.8,27.3,15.7
1997,2,24,2.7,26,15.7
1997,2,25,0,25.2,16.7
1997,2,26,0,27.9,12.7
1997,2,27,0,29.9,14.4
1997,2,28,0.3,29,15.4
1997,3,1,0,31.8,15
1997,3,2,2.7,31.2,17.2
1997,3,3,0.6,28.7,15.6
1997,3,4,0,29.4,16.9
1997,3,5,0,28.1,15.3
1997,3,6,6.6,26.4,14.6
1997,3,7,4.5,25.5,14
1997,3,8,0,25.2,14.3
1997,3,9,0,25.6,14.4
1997,3,10,3.2,26.8,15.8
1997,3,11,0,29.2,15.2
1997,3,12,0,30.5,13.9
1997,3,13,0,32.7,14.2
1997,3,14,9.4,31.9,15.4
1997,3,15,2.6,29.6,16.1
1997,3,16,0,28.6,16
1997,3,17,0,29.6,17.4
1997,3,18,0,29.4,14.9
1997,3,19,5.4,29,13.7
1997,3,20,0,26.2,15.2
1997,3,21,0,28.1,14.9
1997,3,22,1.8,30,15.3
1997,3,23,0.6,29.5,15
1997,3,24,0,30.2,15.7
1997,3,25,0,30,16.1
1997,3,26,0,31.2,16
1997,3,27,0,31.1,16.5
1997,3,28,0,31,14.4
1997,3,29,6.6,31.3,15
1997,3,30,0,31.4,16.1
1997,3,31,0,30.8,16.2
1997,4,1,0.4,30.8,16.2
1997,4,2,7.9,29.8,16.3
1997,4,3,0,31.5,15.3
1997,4,4,0.2,32.6,14.6
1997,4,5,18.1,33.3,16.1
1997,4,6,0,30.8,17.9
1997,4,7,0.3,31.5,17.4
1997,4,8,6.2,31.4,16.2
1997,4,9,2.1,29.8,15.3
1997,4,10,0.7,29.3,16.5
1997,4,11,0,29.2,15.9
1997,4,12,6.5,32.6,14.6
1997,4,13,4.1,29.7,15.3
1997,4,14,0.5,28.7,16.5
1997,4,15,3.1,29,16.3
1997,4,16,4.1,28.9,15.7
1997,4,17,10.3,27.8,17.2
1997,4,18,2.7,27,16.2
1997,4,19,0.5,30.4,15.9
1997,4,20,11.5,30.8,16.8
1997,4,21,0.7,30.2,16.3
1997,4,22,0,32.3,16.8
1997,4,23,0,32.2,15.9
1997,4,24,3.5,34.2,16.3
1997,4,25,0,34.8,16.4
1997,4,26,0,35.5,16.5
1997,4,27,5.9,33.4,14.8
1997,4,28,0,30,14.9
1997,4,29,0,31,18
1997,4,30,2.8,31.7,16.8
1997,5,1,6.1,33.7,17
1997,5,2,3.7,32.9,18.3
1997,5,3,8.6,33.8,17.8
1997,5,4,8.1,32.1,18.3
1997,5,5,1.4,29.5,17.7
1997,5,6,4.4,27.9,17.5
1997,5,7,0,30.1,16.8
1997,5,8,0.3,29.9,16.4
1997,5,9,0.7,30.8,16.2
1997,5,10,23.4,30.3,16.5
1997,5,11,2.4,29.3,16.3
1997,5,12,1.7,29.5,17.8
1997,5,13,4.2,30.1,17.6
1997,5,14,0,31.1,17.6
1997,5,15,18.7,29.7,17.9
1997,5,16,0.9,29.7,17.5
1997,5,17,0,29.6,18
1997,5,18,5.2,30.8,18.4
1997,5,19,0,30.9,16.9
1997,5,20,0.3,30.4,16.3
1997,5,21,0.1,30,17.1
1997,5,22,0.4,30.8,18.2
1997,5,23,0,32.9,16.7
1997,5,24,0,30.3,16.4
1997,5,25,0.7,32.8,16.7
1997,5,26,0,32.6,18.6
1997,5,27,7.9,31.7,17.5
1997,5,28,6.2,30.1,18.1
1997,5,29,17.9,30.1,18.4
1997,5,30,19.9,29.7,18
1997,5,31,7,31.1,18.8
1997,6,1,3.3,30.1,18.1
1997,6,2,8.8,28.2,17.7
1997,6,3,7.1,29.1,17.4
1997,6,4,5.5,27.7,17.1
1997,6,5,0,29.4,17.2
1997,6,6,0,30.9,15.9
1997,6,7,0,30.9,16.5
1997,6,8,3.9,30.7,17
1997,6,9,20.7,29.9,17.1
1997,6,10,18.2,30,18.5
1997,6,11,13.5,30.7,17.8
1997,6,12,19,29.5,17.6
1997,6,13,4.2,30.3,17.8
1997,6,14,1,29.1,18.4
1997,6,15,10.6,30.4,17.6
1997,6,16,0,31.5,17.2
1997,6,17,0,29.9,17.5
1997,6,18,5.2,30.4,17.4
1997,6,19,0,29.5,17.8
1997,6,20,0.2,30.4,18.2
1997,6,21,0,29.2,18.2
1997,6,22,0,29.6,16.4
1997,6,23,0.4,29.5,15.9
1997,6,24,0.1,28.7,18
1997,6,25,6.4,28.3,16.2
1997,6,26,3.3,28,16.7
1997,6,27,43.3,29.6,17.9
1997,6,28,26.3,26.5,18
1997,6,29,14.7,27.1,16.9
1997,6,30,14.5,27,17.6
1997,7,1,38.3,28.5,18.6
1997,7,2,8.3,27.5,18.4
1997,7,3,4.9,28.8,17.1
1997,7,4,2.9,28.5,17.4
1997,7,5,7.3,28.4,17.6
1997,7,6,0,28.8,16.7
1997,7,7,3.9,28.8,17.8
1997,7,8,12,29.4,18
1997,7,9,0.3,29.5,18
1997,7,10,15,29.5,17.8
1997,7,11,10.3,28.4,17.7
1997,7,12,13.1,27.7,17.8
1997,7,13,1.4,27.9,18.9
1997,7,14,0.3,28.8,18.3
1997,7,15,10.1,28.4,17.4
1997,7,16,5.5,29.5,17.9
1997,7,17,0,30.5,18.2
1997,7,18,0,30.8,17.6
1997,7,19,0.6,30.2,17.8
1997,7,20,0,30.5,17.3
1997,7,21,0.7,30.9,17.8
1997,7,22,5.9,30.2,18.5
1997,7,23,1.8,29.5,17.7
1997,7,24,0.5,29.5,17.4
1997,7,25,0.2,29.1,17.9
1997,7,26,8.9,29.4,17.6
1997,7,27,7.6,28.6,17.3
1997,7,28,10.1,29.3,16.9
1997,7,29,5.4,29,17.8
1997,7,30,9.9,28.7,17.9
1997,7,31,7.9,27.2,18.4
1997,8,1,2.6,28.8,18
1997,8,2,8.9,28.1,17.1
1997,8,3,6,28.1,15.9
1997,8,4,0,28.4,16.9
1997,8,5,1.8,29.2,17.3
1997,8,6,0.5,28.2,18
1997,8,7,7.3,29.5,17.5
1997,8,8,8.4,29.6,17.4
1997,8,9,7.6,29.9,18.1
1997,8,10,9.6,30.1,18.7
1997,8,11,6.4,29.6,18.5
1997,8,12,10.4,29.1,18.2
1997,8,13,6.2,30.1,18.2
1997,8,14,8.3,30.3,18.6
1997,8,15,2,30,18.1
1997,8,16,0.6,29.4,18.3
1997,8,17,9.9,29,18
1997,8,18,8.7,29.9,16.6
1997,8,19,4,29.5,16.8
1997,8,20,0.5,29.3,17.1
1997,8,21,3.4,29.3,17.3
1997,8,22,15.2,29,17.9
1997,8,23,6.2,28.8,17.4
1997,8,24,0.6,30.4,17.8
1997,8,25,14.6,29.1,19
1997,8,26,5.4,29.1,18.7
1997,8,27,3.1,30.5,19.2
1997,8,28,2.7,29.1,19.1
1997,8,29,13.9,28.9,18.3
1997,8,30,6.2,29.3,17.4
1997,8,31,6.9,28.8,17.1
1997,9,1,21.5,28.9,18
1997,9,2,25.1,28.8,17.7
1997,9,3,9.6,30.4,18.2
1997,9,4,2.7,29.8,18.4
1997,9,5,15.5,30.1,18.3
1997,9,6,9.3,29.5,18.4
1997,9,7,2.8,29.8,17.4
1997,9,8,10.3,30.6,18.1
1997,9,9,36.5,30.2,18.4
1997,9,10,18.4,28.9,18
1997,9,11,7.6,29.3,18.4
1997,9,12,14.4,28.7,18
1997,9,13,1.3,28.3,18.2
1997,9,14,0.4,28.8,18
1997,9,15,1.7,28.5,18.8
1997,9,16,7.9,28.5,18.2
1997,9,17,9.4,25.4,17.4
1997,9,18,0.3,26.6,17.5
1997,9,19,1.1,28.1,18.1
1997,9,20,5.9,28.7,18.3
1997,9,21,13.1,28.8,18.1
1997,9,22,1.2,28.8,18.6
1997,9,23,0,28.7,18.8
1997,9,24,0.3,29.6,17
1997,9,25,0.7,30.1,16.5
1997,9,26,4.3,29,17
1997,9,27,3.9,27.3,18
1997,9,28,16.8,28.7,18.9
1997,9,29,32,27.9,18.9
1997,9,30,13.8,28.4,18.6
1997,10,1,2.9,29.9,18.3
1997,10,2,14.4,29.3,17.9
1997,10,3,5.6,29.3,17.4
1997,10,4,21.1,29.6,18.6
1997,10,5,21.3,30.3,18.7
1997,10,6,9.8,30.5,19.3
1997,10,7,11.6,29.9,19.8
1997,10,8,7.8,28.9,18.5
1997,10,9,19.2,30.1,19
1997,10,10,0.7,31,19
1997,10,11,0,29.7,18.7
1997,10,12,0,29.4,16.3
1997,10,13,11.8,29.7,16.5
1997,10,14,23.3,28.7,17
1997,10,15,2.9,25.8,17.5
1997,10,16,3.8,26.6,16.7
1997,10,17,3.1,26.7,16.7
1997,10,18,7.9,27.2,15.6
1997,10,19,0.3,26.6,16.3
1997,10,20,0,26.6,16.7
1997,10,21,0.2,28.6,17.1
1997,10,22,2.4,28.8,17.4
1997,10,23,0,28.1,15.7
1997,10,24,0,29.5,15.6
1997,10,25,3.8,30.3,15.4
1997,10,26,0,31.4,16.9
1997,10,27,14.4,30.9,18
1997,10,28,0.9,29.6,18.5
1997,10,29,7.4,29.3,15.8
1997,10,30,0,29,16.9
1997,10,31,9.6,30,15.2
1997,11,1,0,29.9,15.6
1997,11,2,7.8,28.5,16.6
1997,11,3,9.4,25.9,17.2
1997,11,4,3.8,26.7,17.2
1997,11,5,0.3,28.6,17.6
1997,11,6,2,27.2,17.7
1997,11,7,4.5,27.4,17.1
1997,11,8,0.3,28.6,17.1
1997,11,9,7.5,28,17.4
1997,11,10,12.2,26.8,17.7
1997,11,11,5.9,29,17.9
1997,11,12,0,31,17.7
1997,11,13,0,31.5,18.7
1997,11,14,2.9,30.3,17.2
1997,11,15,19.6,29.9,16.8
1997,11,16,5.4,29.1,16.8
1997,11,17,13.2,27.1,17.5
1997,11,18,3.4,28.1,17.4
1997,11,19,23.9,28.7,18.1
1997,11,20,2,27.5,17.5
1997,11,21,0.3,28,17.6
1997,11,22,2.8,28.8,17.1
1997,11,23,12.4,28.4,17.1
1997,11,24,12.3,27.5,17.1
1997,11,25,11,25.9,17.6
1997,11,26,12.1,27.3,17.3
1997,11,27,0.7,29.5,17.4
1997,11,28,0.4,29.7,17.8
1997,11,29,4.4,30.5,16.4
1997,11,30,0.4,28.2,16
1997,12,1,0,28,18
1997,12,2,6.9,29.3,18
1997,12,3,0,27.2,17.2
1997,12,4,0,29.9,16.6
1997,12,5,13.3,28.3,16.8
1997,12,6,5.4,29.5,18
1997,12,7,0,27.9,15.9
1997,12,8,0,27.8,14.8
1997,12,9,0,26.7,13.8
1997,12,10,0,28.1,14.3
1997,12,11,1.9,31.5,15.8
1997,12,12,6.5,28.5,15.9
1997,12,13,0.8,23.5,15.2
1997,12,14,0.3,20,13.7
1997,12,15,0,20.7,12.7
1997,12,16,3.8,23.1,10.5
1997,12,17,0,27.7,10.8
1997,12,18,0,25.5,12.5
1997,12,19,0,25.6,15.1
1997,12,20,0,26.7,15.7
1997,12,21,4.1,26.1,14.1
1997,12,22,0,23.8,14.1
1997,12,23,0,24.7,14.2
1997,12,24,0,27.6,14.8
1997,12,25,0,26.4,13.6
1997,12,26,3.8,26.4,13.6
1997,12,27,2.7,26.2,14.5
1997,12,28,2,25.1,15.6
1997,12,29,2.1,23.2,15.7
1997,12,30,0,25,13.2
1997,12,31,6.8,26.7,11.3
1998,1,1,6.6,22.5,12.4
1998,1,2,7.7,25.3,14.2
1998,1,3,11.1,26.1,14.4
1998,1,4,0.3,27.5,14.1
1998,1,5,0,25.7,13.7
1998,1,6,0,24.3,13.2
1998,1,7,0,24.5,12.1
1998,1,8,0,22.8,12.1
1998,1,9,5.9,21.1,11.4
1998,1,10,0,25.6,12.4
1998,1,11,0,26.3,11.4
1998,1,12,0,25,12.7
1998,1,13,0,24.1,14.8
1998,1,14,0,24.6,13.7
1998,1,15,1.1,27.9,13.6
1998,1,16,2.5,27.3,15
1998,1,17,8.2,28.2,16.9
1998,1,18,2.5,27.4,16
1998,1,19,1.9,27.8,16.7
1998,1,20,1.2,27.4,17.2
1998,1,21,0,27,15.7
1998,1,22,0,27.3,14.9
1998,1,23,0,28.3,15.6
1998,1,24,4.2,25.9,15.4
1998,1,25,0,28.6,15.2
1998,1,26,4.5,28.5,15.5
1998,1,27,0.9,26.4,14.8
1998,1,28,0,23.7,13.4
1998,1,29,0,27.2,14.1
1998,1,30,0,24.5,11.7
1998,1,31,2.1,27.2,12
1998,2,1,5.5,24.3,10.7
1998,2,2,5.6,29,11.9
1998,2,3,0,21.3,11.4
1998,2,4,0,22.3,8
1998,2,5,0,23.4,8.6
1998,2,6,0.1,22,10.4
1998,2,7,0,25.4,12.9
1998,2,8,6.2,23.8,11.6
1998,2,9,0,23.2,11.1
1998,2,10,0,25.4,11.8
1998,2,11,0,23.4,12
1998,2,12,0,27.8,12.6
1998,2,13,0,26.7,12.1
1998,2,14,0,32.1,12.6
1998,2,15,0,32.5,14.6
1998,2,16,0,33.6,14.2
1998,2,17,0,31.9,12.4
1998,2,18,0,27,12.9
1998,2,19,0,31,14.4
1998,2,20,3.8,28.3,14.9
1998,2,21,0,32.2,15
1998,2,22,0,30.8,14.6
1998,2,23,0,28.5,14.1
1998,2,24,0,27.9,11.4
1998,2,25,0,32.2,11.8
1998,2,26,0,31.5,13.5
1998,2,27,0,31.5,12.9
1998,2,28,0,28.9,13.3
1998,3,1,0,32.7,13.1
1998,3,2,0,31.8,15.5
1998,3,3,0,30.4,15.8
1998,3,4,0,32.4,16.7
1998,3,5,0,33.3,16.1
1998,3,6,0,32.7,14.5
1998,3,7,0,36,15.4
1998,3,8,0,34.6,16.2
1998,3,9,0.1,28.9,15.8
1998,3,10,2.4,26.1,14.6
1998,3,11,0.3,25.6,14.3
1998,3,12,0,26.9,13.6
1998,3,13,0.1,28.8,14.3
1998,3,14,0.1,29.1,15.4
1998,3,15,0.8,32.6,15.9
1998,3,16,1.5,32.4,15.6
1998,3,17,0.3,34.1,15.1
1998,3,18,0,33.2,16.5
1998,3,19,1.9,33.9,16.8
1998,3,20,0,31.5,17.2
1998,3,21,1,28.7,17.4
1998,3,22,0.4,28.1,17
1998,3,23,0,30.9,14.1
1998,3,24,0,30.1,11.4
1998,3,25,0,29.3,9.9
1998,3,26,0,31.1,11.2
1998,3,27,0,28.7,12.1
1998,3,28,0,30.9,13
1998,3,29,0,33,14.7
1998,3,30,0,35.7,15
1998,3,31,0,36.2,14.7
1998,4,1,0,33.7,16.2
1998,4,2,0,31.6,16.1
1998,4,3,0,36,14.7
1998,4,4,0,34.2,17.1
1998,4,5,0,33.6,15.6
1998,4,6,0,34.4,16.2
1998,4,7,0,37,17.7
1998,4,8,0,34.1,17.5
1998,4,9,0,33.2,15.7
1998,4,10,0,31,15.6
1998,4,11,0,30.3,15.8
1998,4,12,0,31.8,14.7
1998,4,13,0,33.5,14.4
1998,4,14,0,35.7,14.7
1998,4,15,0,33.8,14.3
1998,4,16,0,33.7,14.5
1998,4,17,0,34.5,15.1
1998,4,18,0,33.9,16
1998,4,19,0,31.6,16.2
1998,4,20,0,30.9,16.5
1998,4,21,3.8,31.5,17.4
1998,4,22,2.6,27.2,17
1998,4,23,0.6,26.1,14.8
1998,4,24,0,29,13.1
1998,4,25,0,32,13.4
1998,4,26,0,33.4,14.9
1998,4,27,0,33,15.8
1998,4,28,0,35.3,15
1998,4,29,1.4,32.3,16.1
1998,4,30,1.4,32.7,17.8
1998,5,1,0.3,31.7,17.7
1998,5,2,1.7,33.6,17.5
1998,5,3,0,33.9,16.9
1998,5,4,1.7,36,17.4
1998,5,5,0,32.9,17
1998,5,6,0,32.9,17.6
1998,5,7,0,33.7,16.5
1998,5,8,0,35.2,13.8
1998,5,9,0,36.6,14.6
1998,5,10,0,35,16.3
1998,5,11,0,35.4,17.4
1998,5,12,0,35.1,15.8
1998,5,13,0,34.1,17.6
1998,5,14,0,34.4,17.3
1998,5,15,0,34.6,15.8
1998,5,16,0,31.7,16.1
1998,5,17,0,31.3,15.9
1998,5,18,0,31.5,15
1998,5,19,0,31.7,15.5
1998,5,20,0,32.1,15.9
1998,5,21,0,32,16.7
1998,5,22,0,31.7,16
1998,5,23,1.4,31.7,16.8
1998,5,24,10.5,31.4,16.3
1998,5,25,1.4,30.2,16.6
1998,5,26,4.6,31.2,16.3
1998,5,27,7.6,33,16.9
1998,5,28,6,32.7,17.3
1998,5,29,9.9,33.7,18.9
1998,5,30,0.3,33.2,18
1998,5,31,6.8,32.4,17.9
1998,6,1,0.3,32.3,18.5
1998,6,2,29.3,33.8,19.3
1998,6,3,6.2,34.4,18.3
1998,6,4,8.3,33.1,18.9
1998,6,5,4.6,33.5,18.5
1998,6,6,17.9,32.9,18.3
1998,6,7,2.4,31.2,17.5
1998,6,8,0,35.4,18.7
1998,6,9,0,33.3,18.3
1998,6,10,0,33.3,20
1998,6,11,3.5,33.5,18.4
1998,6,12,0,33.5,17.6
1998,6,13,0,33.6,17.9
1998,6,14,2.4,32.9,17.1
1998,6,15,16,35.1,17.5
1998,6,16,6.9,35.2,18.7
1998,6,17,6.3,33.9,18.3
1998,6,18,0,34.8,17.9
1998,6,19,3.5,34.2,18.4
1998,6,20,5.5,33.6,18.2
1998,6,21,3.2,32.3,18.5
1998,6,22,6.4,31.4,18.2
1998,6,23,12.7,31.6,18.8
1998,6,24,14,32.3,19.4
1998,6,25,30.1,33.4,19.7
1998,6,26,1.3,32.2,19.1
1998,6,27,0.3,32.9,17.9
1998,6,28,10.4,33.3,18.4
1998,6,29,1.9,32.2,17.4
1998,6,30,4.7,32.7,17.9
1998,7,1,9.9,31.5,19
1998,7,2,8.6,30.6,18.7
1998,7,3,0,33.1,17.9
1998,7,4,5.9,32,15.9
1998,7,5,3.5,33.2,16.7
1998,7,6,2.5,32.2,17.5
1998,7,7,8.9,31.4,18
1998,7,8,41.3,30.7,18.3
1998,7,9,28.1,31.5,19.5
1998,7,10,8.6,30.7,19
1998,7,11,0,32,18.1
1998,7,12,3.5,32.1,17.9
1998,7,13,9.4,32.3,16.6
1998,7,14,10.2,32.3,19.3
1998,7,15,5.7,31.4,18.3
1998,7,16,10.7,30.6,18.5
1998,7,17,8.7,31.8,17.9
1998,7,18,5.2,32,17.4
1998,7,19,5,29.9,17.7
1998,7,20,4.7,31.9,17.3
1998,7,21,4.6,30.7,18
1998,7,22,7.9,30.9,18.4
1998,7,23,11.7,29.8,18.3
1998,7,24,13.6,30.6,17.9
1998,7,25,10.7,30,17.5
1998,7,26,15.1,30.2,18.1
1998,7,27,10.2,29,18
1998,7,28,3.2,28.3,17.8
1998,7,29,4.8,29.9,17.2
1998,7,30,13.5,30,18
1998,7,31,10.5,31.7,17.5
1998,8,1,14.9,30.7,18.3
1998,8,2,23.3,31.2,16.8
1998,8,3,3.9,30.5,17.3
1998,8,4,9.3,30.4,17.3
1998,8,5,5.2,29.1,17.9
1998,8,6,1.7,31.4,17.6
1998,8,7,8.5,30.2,16.5
1998,8,8,2.4,31.5,16.4
1998,8,9,4.7,32.2,17.6
1998,8,10,5.2,31.9,17.5
1998,8,11,6.4,30.3,17.4
1998,8,12,12.7,32.2,17.4
1998,8,13,11.3,31.9,18.2
1998,8,14,0,32,18.5
1998,8,15,0,31.5,16.9
1998,8,16,5.2,31.3,16.4
1998,8,17,0.6,31.4,17.2
1998,8,18,0,31.8,17.9
1998,8,19,9.1,32.2,18
1998,8,20,11.1,32.1,17.8
1998,8,21,12,32.7,17.6
1998,8,22,12.6,32.4,19.3
1998,8,23,0,30.4,19.1
1998,8,24,0.7,30.5,17.7
1998,8,25,5.8,32.3,17.1
1998,8,26,4.8,31.6,17.6
1998,8,27,10.2,30.8,17.7
1998,8,28,0,32.5,18.1
1998,8,29,2.7,32.7,18.6
1998,8,30,12.8,31.6,17.8
1998,8,31,2.4,31.2,19.2
1998,9,1,30.1,32.4,17.5
1998,9,2,14.7,32,18
1998,9,3,29.1,30.9,19.6
1998,9,4,13.4,31.1,17.9
1998,9,5,24.3,31.2,18.8
1998,9,6,25.3,30.4,18
1998,9,7,27.4,29.5,18.8
1998,9,8,5.6,27.6,19.3
1998,9,9,0.9,26.5,18.4
1998,9,10,0.2,30.5,17.3
1998,9,11,4.6,31,19
1998,9,12,0.2,31.4,17.9
1998,9,13,0.7,31.1,18.4
1998,9,14,0.9,31.5,17.5
1998,9,15,8.8,31.6,17.2
1998,9,16,20.9,30.8,17.3
1998,9,17,16,31.2,17.3
1998,9,18,15.1,30.7,17.2
1998,9,19,4.5,32.6,17.9
1998,9,20,12.6,29.8,18.6
1998,9,21,7.7,30.2,17
1998,9,22,5,30.2,18
1998,9,23,2.9,32.7,18.6
1998,9,24,16.5,30.3,18.4
1998,9,25,11.9,31.1,18.7
1998,9,26,16,32.1,17.6
1998,9,27,7.7,31.8,19
1998,9,28,17.6,31.7,18.7
1998,9,29,3.7,30.8,18.3
1998,9,30,19.2,32.4,16.4
1998,10,1,8.2,30.4,15.4
1998,10,2,3.3,30.5,15.8
1998,10,3,0,30.1,16.8
1998,10,4,6.4,30.1,17.3
1998,10,5,0.5,29.7,18
1998,10,6,0.3,28.5,17.1
1998,10,7,12.5,29.2,17
1998,10,8,11.7,29.5,17.1
1998,10,9,18.2,28.6,17.6
1998,10,10,9.3,29.6,17.5
1998,10,11,31.9,29.6,18.3
1998,10,12,9.9,28.6,16.8
1998,10,13,15.9,28.3,17.9
1998,10,14,21,28.4,17.5
1998,10,15,14.7,29.4,18.1
1998,10,16,12.4,30.2,18
1998,10,17,0.3,29.9,18.7
1998,10,18,0.8,30.3,18.9
1998,10,19,0.8,31.4,17.8
1998,10,20,4.1,30.5,17.1
1998,10,21,4.8,28.7,16.6
1998,10,22,1.3,26.4,15.8
1998,10,23,1.1,29.1,16.1
1998,10,24,11.9,29.9,16.1
1998,10,25,3.5,31,16.9
1998,10,26,5.5,29.7,18.8
1998,10,27,21.5,29.6,18.5
1998,10,28,38.6,29.1,17.9
1998,10,29,17.9,30.1,18.4
1998,10,30,10.8,28.6,18.2
1998,10,31,27.9,27.1,17
1998,11,1,28.4,29.4,18.6
1998,11,2,12,30.2,19.6
1998,11,3,3.1,29.4,18.1
1998,11,4,18.9,30.8,16.7
1998,11,5,11,27.4,16.8
1998,11,6,2.3,27.4,17.6
1998,11,7,0,28.6,16.6
1998,11,8,0,30.2,18.1
1998,11,9,0,30,18.4
1998,11,10,0,30.3,15.2
1998,11,11,13.8,29.1,15.3
1998,11,12,0.3,30.1,16.6
1998,11,13,0,29,17.6
1998,11,14,0,31.1,16.5
1998,11,15,0,29.3,18.1
1998,11,16,1.2,30.4,16.7
1998,11,17,5.2,29.7,16.7
1998,11,18,2.6,29.3,16.9
1998,11,19,3.3,29.8,17.4
1998,11,20,5.6,30.5,17.6
1998,11,21,11.3,29.4,18.3
1998,11,22,18.3,29.1,19.1
1998,11,23,8.9,29.7,18.9
1998,11,24,17.9,28.2,17.2
1998,11,25,4.3,27,17.2
1998,11,26,0.6,25,15.9
1998,11,27,0.3,27.4,13.9
1998,11,28,0.9,25.2,15.2
1998,11,29,0.1,24.3,14.8
1998,11,30,11.6,28.7,12.9
1998,12,1,3.3,25.4,12.9
1998,12,2,2.2,26.5,14.2
1998,12,3,0,27.3,14.1
1998,12,4,0,27.2,13.1
1998,12,5,0,27,12.3
1998,12,6,0,25.2,12.7
1998,12,7,0,28.7,12.3
1998,12,8,0.8,28.2,10.6
1998,12,9,6.4,26.9,14.7
1998,12,10,0,26.4,15.5
1998,12,11,2.8,28.1,13.2
1998,12,12,3.3,27.9,15.1
1998,12,13,9.8,25.1,16.9
1998,12,14,6.3,22.9,16
1998,12,15,0.6,22,15.4
1998,12,16,1.9,21.9,13.2
1998,12,17,1.7,20.8,12.1
1998,12,18,0,22.2,12.2
1998,12,19,0,26.3,12.9
1998,12,20,0,26.8,12.4
1998,12,21,0.1,26.7,15
1998,12,22,3,28.5,15.4
1998,12,23,6.7,25.5,14.9
1998,12,24,1.9,26,14.5
1998,12,25,0,26.4,15
1998,12,26,0,25.9,13.9
1998,12,27,0,23.7,12.4
1998,12,28,0,26.3,12.1
1998,12,29,1.7,27.1,12.9
1998,12,30,0.6,27.2,13.7
1998,12,31,0.8,27.1,15.4
1999,1,1,0,25.8,13.6
1999,1,2,0,26.2,13.3
1999,1,3,6.2,25,13.7
1999,1,4,4.4,23.8,14.1
1999,1,5,5.2,22.6,14
1999,1,6,1.4,20.7,13.4
1999,1,7,0,23.3,10.4
1999,1,8,1,24.9,11.9
1999,1,9,6.7,28.1,12.3
1999,1,10,4.9,22.9,13.3
1999,1,11,0,22.8,13.9
1999,1,12,1.4,23.5,11.5
1999,1,13,2.4,27.3,11.1
1999,1,14,1,24.9,12.2
1999,1,15,0.3,24.7,12.3
1999,1,16,3.5,23.4,13.5
1999,1,17,3.9,26.8,12.6
1999,1,18,5.8,25.8,13.9
1999,1,19,0,26.8,13.9
1999,1,20,0,25.6,12.9
1999,1,21,0,26.7,13.6
1999,1,22,0,28.2,13.8
1999,1,23,4.5,24,11
1999,1,24,1.1,22.5,12.5
1999,1,25,0.6,20.2,12.5
1999,1,26,0,23.9,11.8
1999,1,27,0,25.2,13.3
1999,1,28,0,25.8,13
1999,1,29,0,27,12.7
1999,1,30,1.9,26.8,12.9
1999,1,31,2.3,25.3,12.7
1999,2,1,1.4,24.9,13.8
1999,2,2,6.9,23.8,12.1
1999,2,3,0,23.2,12.3
1999,2,4,1.8,25.9,12.7
1999,2,5,3.8,26.7,13.2
1999,2,6,3.5,25.4,13.9
1999,2,7,0,26.1,11.9
1999,2,8,1.7,24,12.6
1999,2,9,0,24.8,12.5
1999,2,10,0,24.1,11.5
1999,2,11,0,25.4,11.1
1999,2,12,6.6,23.6,12.6
1999,2,13,6.6,20.6,12.4
1999,2,14,2.7,19.7,12.4
1999,2,15,0.3,19.6,11.9
1999,2,16,0,23.5,11.1
1999,2,17,1.7,24.1,11.5
1999,2,18,1,26.1,11.8
1999,2,19,0,25.3,12.1
1999,2,20,0,25.8,11.4
1999,2,21,6.1,25.1,12.8
1999,2,22,0.3,23.5,13.2
1999,2,23,0,26.9,12.5
1999,2,24,0.2,25.5,12.3
1999,2,25,1,25.5,13.3
1999,2,26,0,26.2,12
1999,2,27,0,27.1,11.9
1999,2,28,0.2,27.6,13.2
1999,3,1,0,24.7,13
1999,3,2,6,25,12.4
1999,3,3,1.5,27.2,12.9
1999,3,4,0,25,12.5
1999,3,5,0,25.9,13
1999,3,6,0,26.7,11.7
1999,3,7,0,26.9,13
1999,3,8,0,25.4,13.8
1999,3,9,0,27.1,10.7
1999,3,10,0,26.4,11.7
1999,3,11,0,27.1,11.5
1999,3,12,0,30.8,12.7
1999,3,13,0,27.2,12
1999,3,14,0.4,26.1,12.3
1999,3,15,0,24.5,13.2
1999,3,16,0,26.3,10.7
1999,3,17,0,29.8,10.4
1999,3,18,0,32.7,10.7
1999,3,19,2.4,30,12
1999,3,20,8.4,29.5,13.2
1999,3,21,0.4,25.8,14.3
1999,3,22,0,28.2,12.1
1999,3,23,0,30.4,12.3
1999,3,24,0,32.4,12.8
1999,3,25,0,32.1,15.4
1999,3,26,0,31.7,14.8
1999,3,27,0,33,13.9
1999,3,28,5.4,35.6,15.4
1999,3,29,0.6,36.1,16.2
1999,3,30,0,34.2,17.8
1999,3,31,0,33.5,16.7
1999,4,1,0,32.6,15.5
1999,4,2,0,34.8,16.4
1999,4,3,0,33.4,18
1999,4,4,2.1,31.6,17
1999,4,5,0,34,16.7
1999,4,6,0,32,17.1
1999,4,7,0,32.6,16.5
1999,4,8,0,32.2,16.3
1999,4,9,0,31.1,15.1
1999,4,10,0,32.2,12.3
1999,4,11,0,34.1,12.5
1999,4,12,0,32.2,13.9
1999,4,13,0,34.3,16.8
1999,4,14,0,33.7,15.9
1999,4,15,0,36,14.9
1999,4,16,0.4,32,16.1
1999,4,17,14.6,29.9,16.6
1999,4,18,35.8,26.9,16.6
1999,4,19,13,28,16.7
1999,4,20,0,30.1,16.9
1999,4,21,0,32.9,17.5
1999,4,22,6.9,33.2,17.1
1999,4,23,0,34.7,16.7
1999,4,24,0.3,30.9,17.4
1999,4,25,0,30.9,16.9
1999,4,26,0,33.8,17.8
1999,4,27,0.5,30.7,16.5
1999,4,28,5.1,31.2,16.7
1999,4,29,0,32.8,17.1
1999,4,30,0.6,29.5,16.9
1999,5,1,6.4,30.9,15.8
1999,5,2,0.8,29.3,17.3
1999,5,3,0,30,15.9
1999,5,4,0,30.8,14.7
1999,5,5,2.2,32.8,16.2
1999,5,6,10,31.9,18
1999,5,7,18.3,29.6,18.6
1999,5,8,5.3,28.4,18.5
1999,5,9,0,31.3,17.3
1999,5,10,7.2,30.9,16.5
1999,5,11,12.8,33,17.6
1999,5,12,6.9,31.7,17.3
1999,5,13,0,31.3,16.7
1999,5,14,0,31.6,16.8
1999,5,15,0,29.6,17
1999,5,16,0,30.3,16.8
1999,5,17,0.8,30,15.4
1999,5,18,6,30.1,16.3
1999,5,19,5.3,30.4,16.7
1999,5,20,1.1,30.5,16.9
1999,5,21,0,32.8,17.2
1999,5,22,2.6,28.5,16.8
1999,5,23,3,29.7,17
1999,5,24,0.3,29.5,17.8
1999,5,25,0.3,30.3,18.7
1999,5,26,16.1,31.3,16.9
1999,5,27,14.5,30.3,16.2
1999,5,28,7.2,30.5,17.2
1999,5,29,0,30.5,18.4
1999,5,30,0,30.5,18.1
1999,5,31,0,29.5,16.6
1999,6,1,22.1,29.7,16.8
1999,6,2,37.5,30.2,16.1
1999,6,3,2.4,32.4,16
1999,6,4,1,32.4,16.2
1999,6,5,1.8,30.2,17.6
1999,6,6,0.9,31.8,17
1999,6,7,2.3,29.9,17.9
1999,6,8,10,31.7,17.1
1999,6,9,15.3,30.8,18.8
1999,6,10,27.7,31.5,17.7
1999,6,11,33.6,29.1,17.4
1999,6,12,12.9,31.6,16.7
1999,6,13,44.3,30.9,17.7
1999,6,14,10.4,30.8,17.4
1999,6,15,34.2,31.9,18.6
1999,6,16,33.9,31,18.8
1999,6,17,31.3,30.9,18
1999,6,18,20,31.3,18.1
1999,6,19,12,30.9,18.3
1999,6,20,3.5,30.7,18.8
1999,6,21,1.8,31.9,17.5
1999,6,22,42.9,31.7,18.9
1999,6,23,9.1,31.2,18.2
1999,6,24,19.1,30.4,18.5
1999,6,25,3.7,29.6,18.1
1999,6,26,3.4,31.5,18.4
1999,6,27,3.7,30.3,17.2
1999,6,28,4.5,31.5,17.4
1999,6,29,9.2,31.8,18
1999,6,30,19.8,29.7,18.1
1999,7,1,14.7,29.6,18.3
1999,7,2,2,28.4,17
1999,7,3,5.5,30.3,16.5
1999,7,4,0.3,29.1,17.5
1999,7,5,6.8,30.7,16.7
1999,7,6,3.4,29.8,17.4
1999,7,7,10.6,29.6,16.9
1999,7,8,9.7,30.1,16.4
1999,7,9,5.7,31.1,16.8
1999,7,10,2.6,28.2,18.1
1999,7,11,44.3,25.8,17.9
1999,7,12,5.9,27.9,16.6
1999,7,13,15.1,29.7,16.9
1999,7,14,9.6,28.4,16.7
1999,7,15,42.9,28.5,16.8
1999,7,16,61.2,30.3,16.5
1999,7,17,6.6,28.1,17.7
1999,7,18,5.1,30.7,17.5
1999,7,19,6.2,29.5,18.2
1999,7,20,7.5,29.1,16.7
1999,7,21,0,29.2,16.1
1999,7,22,0.9,29.6,16.8
1999,7,23,30.1,29.1,17.6
1999,7,24,3.3,29.9,18.5
1999,7,25,0,29,17.3
1999,7,26,0,30.4,17.2
1999,7,27,2.6,30.2,15.8
1999,7,28,4.7,31.6,17.4
1999,7,29,5.6,30.6,17.8
1999,7,30,0,29.1,17.3
1999,7,31,6.6,32,18.3
1999,8,1,7.2,28.8,17
1999,8,2,4.9,29.3,16.4
1999,8,3,1.8,28.2,17.4
1999,8,4,2.8,28.7,16.8
1999,8,5,1.3,29.5,17.1
1999,8,6,1.1,30.8,16
1999,8,7,7.7,31.1,16.5
1999,8,8,2.1,29.4,18.4
1999,8,9,6.4,29.5,17.1
1999,8,10,24.5,28.9,17.7
1999,8,11,14,29.3,17.3
1999,8,12,8.8,29.4,17
1999,8,13,2.2,29.8,16.8
1999,8,14,3.5,30.4,16.5
1999,8,15,26.6,30.7,17
1999,8,16,2.1,29.8,17.6
1999,8,17,36.4,30.4,17.6
1999,8,18,26.8,30,16.5
1999,8,19,0.9,30,16.9
1999,8,20,12.2,30.6,16.8
1999,8,21,12.3,32,18.1
1999,8,22,13.9,31.1,17.7
1999,8,23,1.1,30.4,17.1
1999,8,24,6.8,30.8,17.2
1999,8,25,19.7,31,17.4
1999,8,26,11.2,29.9,18.3
1999,8,27,6.2,30.1,17.4
1999,8,28,1.7,30.8,17.8
1999,8,29,4.8,30.7,18.3
1999,8,30,11.3,30.4,18.4
1999,8,31,2.9,30,17.7
1999,9,1,23.1,29.2,18
1999,9,2,6.4,29.4,17.9
1999,9,3,8.3,29.5,17.4
1999,9,4,8.3,30.3,18.9
1999,9,5,6,29.6,17.6
1999,9,6,4,30.2,16.8
1999,9,7,5.8,30.8,18
1999,9,8,14.8,30.5,18.1
1999,9,9,11.4,29.1,17.6
1999,9,10,5,29.1,18.2
1999,9,11,30.4,28.3,16.1
1999,9,12,48.6,26.9,16.4
1999,9,13,29.4,30.2,17.6
1999,9,14,11.2,30.4,18.6
1999,9,15,7.3,31,17.3
1999,9,16,14.9,29.9,18.3
1999,9,17,56.8,30.1,17.8
1999,9,18,10.7,28.1,16.4
1999,9,19,5.8,30.1,17
1999,9,20,26.2,28.5,18
1999,9,21,2.8,27.2,17.4
1999,9,22,6.4,28,16.8
1999,9,23,0.6,28.2,17
1999,9,24,3.3,29.1,17.9
1999,9,25,15.9,30.7,17.6
1999,9,26,25.3,29.6,17.3
1999,9,27,12.5,29.4,17.5
1999,9,28,34.7,28.7,18.8
1999,9,29,30.4,29.1,16.8
1999,9,30,24.6,30.5,17.5
1999,10,1,7.6,29.3,18.6
1999,10,2,7.8,27.8,15.8
1999,10,3,25.5,29.2,16.8
1999,10,4,17.5,30.6,17.3
1999,10,5,18.8,29.4,17.8
1999,10,6,7.4,31,17
1999,10,7,0,29.7,17.8
1999,10,8,4.5,30.6,17.9
1999,10,9,19.6,30.2,18
1999,10,10,27.1,29.5,17.9
1999,10,11,23.9,27.3,17.1
1999,10,12,4.2,28.2,15.7
1999,10,13,0.3,28,17
1999,10,14,0,27.9,17.1
1999,10,15,2.8,28.8,17.3
1999,10,16,8.9,30.4,17.3
1999,10,17,6.8,30.3,18.1
1999,10,18,4.3,27.1,18.7
1999,10,19,8.9,29.6,16.6
1999,10,20,15.8,28.1,17.4
1999,10,21,0.6,25.8,17.2
1999,10,22,5.1,26.4,16.6
1999,10,23,0.7,24.3,15.7
1999,10,24,0.3,23.2,13.4
1999,10,25,0.3,23,13.8
1999,10,26,5.8,25.1,13.6
1999,10,27,1.7,24.6,14.5
1999,10,28,7.3,23.7,13.4
1999,10,29,0.9,25.4,14.6
1999,10,30,0,28,11.9
1999,10,31,38.5,24.8,13.4
1999,11,1,4.6,25.4,16.1
1999,11,2,0.6,24.3,15.8
1999,11,3,2.2,25.1,15.7
1999,11,4,2,24.6,15.8
1999,11,5,3.1,24.3,16.3
1999,11,6,12.4,26.3,15.6
1999,11,7,55.3,24.1,15.4
1999,11,8,13.2,22.8,15.8
1999,11,9,9.6,26.2,14.4
1999,11,10,22,24.1,16
1999,11,11,2.6,24.3,15.3
1999,11,12,2.3,27.4,14.6
1999,11,13,0.6,25.4,14.5
1999,11,14,0.3,24.7,13.9
1999,11,15,1.7,22.3,15
1999,11,16,0,21.4,14.6
1999,11,17,0,26.2,13.6
1999,11,18,0,26,14
1999,11,19,0,25.2,14.1
1999,11,20,0,24.6,13.9
1999,11,21,0,22.7,13.2
1999,11,22,0,23.7,13
1999,11,23,0,27.5,12
1999,11,24,0,26.7,13.3
1999,11,25,0,26.8,13.7
1999,11,26,0.3,24.7,13.5
1999,11,27,0.6,24.5,13.9
1999,11,28,1.2,24.5,15
1999,11,29,0,25.9,14
1999,11,30,0,25.8,11.8
1999,12,1,0,20.4,10.4
1999,12,2,0,21.4,12.7
1999,12,3,0,24.4,12.4
1999,12,4,0,27.3,11.3
1999,12,5,0,22.9,13.8
1999,12,6,0,22,12.2
1999,12,7,0,24.2,13.9
1999,12,8,0,23.6,15.5
1999,12,9,1.8,26.3,15.2
1999,12,10,0,27.1,15.1
1999,12,11,0.4,26.6,13.7
1999,12,12,0,29.3,14.2
1999,12,13,1.2,26,14.1
1999,12,14,6.4,24.4,14
1999,12,15,2.1,25.5,14
1999,12,16,14.4,26.1,15.9
1999,12,17,0,22.7,17.2
1999,12,18,5.4,24.9,14.8
1999,12,19,7.2,26.7,15.2
1999,12,20,0.7,24.9,15.4
1999,12,21,20.2,26.9,15.9
1999,12,22,1.9,27.7,16.2
1999,12,23,13.4,26.2,16.5
1999,12,24,19.5,25.4,15.4
1999,12,25,13.5,26.2,14.2
1999,12,26,0.6,24.9,13.9
1999,12,27,0,24,12.3
1999,12,28,0,22.3,12.3
1999,12,29,3.7,23.6,12.3
1999,12,30,0.2,25.1,13.5
1999,12,31,0,25.3,15.9
2000,1,1,7.1,27.6,12.1
2000,1,2,0,28.1,11.1
2000,1,3,3.5,26.8,13.9
2000,1,4,22.5,26,12.3
2000,1,5,16.8,23.8,14
2000,1,6,0,25.8,12.6
2000,1,7,9.7,23.8,14.3
2000,1,8,2.2,25.8,14.3
2000,1,9,0,28.3,14.5
2000,1,10,7.7,26.6,14.2
2000,1,11,0,27.5,14.8
2000,1,12,3.7,29.3,16.2
2000,1,13,7,25.7,12.8
2000,1,14,4.3,25.9,13.3
2000,1,15,8.2,27.3,13.6
2000,1,16,10,22.5,15.4
2000,1,17,7.3,22,13.5
2000,1,18,2.9,22.9,12.4
2000,1,19,1.4,25.7,12.9
2000,1,20,0,25.9,11.7
2000,1,21,0,27.9,12.9
2000,1,22,0,28,13.5
2000,1,23,0,28.6,11.9
2000,1,24,0,26.3,12.2
2000,1,25,0.6,26.7,12.1
2000,1,26,1.8,27.1,12.3
2000,1,27,0,26.1,12.1
2000,1,28,0,28,12.5
2000,1,29,0,26.7,12.3
2000,1,30,0,29.6,12.9
2000,1,31,0,27.7,12.6
2000,2,1,3.5,29.1,13
2000,2,2,4.2,28.5,13.4
2000,2,3,1.4,27.7,12.9
2000,2,4,0,26.9,14.2
2000,2,5,0,24.9,13.5
2000,2,6,2.9,23.9,11.5
2000,2,7,5.9,25.5,13.1
2000,2,8,3.8,23.2,14
2000,2,9,8.1,25.5,13.4
2000,2,10,7.9,31.7,12.1
2000,2,11,0,34.1,10.4
2000,2,12,0,34.4,12.1
2000,2,13,0,33.2,11.6
2000,2,14,0,28.6,11.4
2000,2,15,4.6,28,12.6
2000,2,16,0,28,14.2
2000,2,17,0,27.3,12.8
2000,2,18,0,27.2,12.7
2000,2,19,0,27.9,13.4
2000,2,20,0.6,28.4,14.1
2000,2,21,0.6,29.4,12.3
2000,2,22,0,30.1,12.7
2000,2,23,1.8,29.2,11.8
2000,2,24,0,29.5,11.9
2000,2,25,0,29.2,13.5
2000,2,26,0,28.6,14.2
2000,2,27,0,26.5,12.8
2000,2,28,0,28.5,13.4
2000,2,29,0,25.9,13.4
2000,3,1,0,29.6,13.4
2000,3,2,0,28.1,14.4
2000,3,3,3.5,30,14.4
2000,3,4,0,28.6,14.7
2000,3,5,0,29.7,14.7
2000,3,6,0,29.7,14.1
2000,3,7,0,30.6,14.5
2000,3,8,0,28.7,14.7
2000,3,9,0,30.3,14.1
2000,3,10,0,29.4,14.7
2000,3,11,7.1,28.2,15.4
2000,3,12,0.8,31.7,15.3
2000,3,13,0,31.1,15
2000,3,14,6.9,29,15.8
2000,3,15,0.8,31.6,14.8
2000,3,16,1.3,29.4,15.8
2000,3,17,1.4,31.3,16.7
2000,3,18,0,29.1,16.9
2000,3,19,0,32.3,14.5
2000,3,20,0,31.7,16.8
2000,3,21,0,27.9,14.6
2000,3,22,8.8,31.5,13.2
2000,3,23,0,32.6,15.5
2000,3,24,0,31.3,14.9
2000,3,25,0,30.9,13.7
2000,3,26,10.6,29,13.2
2000,3,27,0,31.9,14.2
2000,3,28,0,31.1,13
2000,3,29,0,28.8,14.9
2000,3,30,0,29.6,14
2000,3,31,0,28.6,14.2
2000,4,1,0,31.6,14.5
2000,4,2,3.7,31.8,18.1
2000,4,3,7.2,30.1,17.3
2000,4,4,11.6,29.2,18.1
2000,4,5,0.3,30.7,13.9
2000,4,6,0,31.1,15.4
2000,4,7,8.2,29.8,14.4
2000,4,8,4.3,31.4,17.3
2000,4,9,6.1,29.8,16.8
2000,4,10,0,30.2,17
2000,4,11,5.1,31.5,16.5
2000,4,12,0.3,30.6,18.6
2000,4,13,5.5,29.7,16.7
2000,4,14,0,28.8,16.1
2000,4,15,7.3,30.3,15.4
2000,4,16,1.7,29.8,17.6
2000,4,17,0,32.4,18
2000,4,18,0,32.6,17.6
2000,4,19,0.7,32.8,16
2000,4,20,0,31.3,16.6
2000,4,21,0,32.3,16.1
2000,4,22,0,29.7,16.4
2000,4,23,0,31.1,18.2
2000,4,24,0,29.4,15.9
2000,4,25,0,29.3,16.1
2000,4,26,0,29.9,16.9
2000,4,27,0,30.2,17.5
2000,4,28,0,30.4,16.4
2000,4,29,0,30.8,16.8
2000,4,30,0,31.5,16
2000,5,1,0,31.6,16.5
2000,5,2,0.6,31.7,15.2
2000,5,3,5.1,30.8,14.7
2000,5,4,3.4,32,16.6
2000,5,5,0,32.6,17.7
2000,5,6,0,33.3,16
2000,5,7,15.2,31.6,16.1
2000,5,8,2.5,33.4,17.4
2000,5,9,0,33.5,18.8
2000,5,10,28.2,31.9,18.1
2000,5,11,12.9,32.8,17.2
2000,5,12,11,32.3,16.4
2000,5,13,16.1,30,16.7
2000,5,14,6.7,30.9,16.6
2000,5,15,13.1,30.6,16.2
2000,5,16,8.2,32.2,15.5
2000,5,17,7.2,29.5,16.7
2000,5,18,12.5,31.5,14.5
2000,5,19,7.6,31.2,17.1
2000,5,20,9.8,29.1,17.7
2000,5,21,13.9,29.8,17.3
2000,5,22,10,29.3,17.8
2000,5,23,8.1,30.6,17.4
2000,5,24,5.8,32,19
2000,5,25,9.8,33.2,17.7
2000,5,26,7.3,31.1,16.5
2000,5,27,10.7,32.2,15.4
2000,5,28,16.5,31.4,17.5
2000,5,29,8.8,29.2,17
2000,5,30,22.8,29.5,16.6
2000,5,31,2.3,30.5,17.5
2000,6,1,16.7,30.5,17.5
2000,6,2,18.1,30.3,18.2
2000,6,3,10.2,29.3,18.5
2000,6,4,18.9,29.8,17.4
2000,6,5,29.5,30.1,16.6
2000,6,6,11.6,29.8,16.7
2000,6,7,16.4,29.4,18.9
2000,6,8,23.6,30.1,18.7
2000,6,9,4.2,29.7,18.2
2000,6,10,6.9,29.2,17.4
2000,6,11,6.4,29.9,17
2000,6,12,7.9,30.3,17.2
2000,6,13,4,30,17.7
2000,6,14,6.6,31,18.2
2000,6,15,18.5,28.1,17.7
2000,6,16,1.6,32.3,16.1
2000,6,17,0.1,30.7,19.6
2000,6,18,10.1,30.2,15.5
2000,6,19,3.2,27.7,17.3
2000,6,20,9.1,27.7,16.5
2000,6,21,0.6,27.4,17.1
2000,6,22,6,30.7,14.8
2000,6,23,0,31,17.6
2000,6,24,2.4,31.9,18.7
2000,6,25,12,26,16.7
2000,6,26,1.7,29.2,14.8
2000,6,27,2.6,26.7,17.6
2000,6,28,0.6,26.6,15.2
2000,6,29,0,29.5,16.6
2000,6,30,5.2,31.5,18.1
2000,7,1,0,29.2,17.2
2000,7,2,0,26.6,16.9
2000,7,3,3,26.9,15.9
2000,7,4,2.6,29.7,15.3
2000,7,5,0,30.7,15.6
2000,7,6,0.1,29.3,19.3
2000,7,7,5.8,28.9,19.1
2000,7,8,29.9,27.9,15.2
2000,7,9,3.6,30.3,16.5
2000,7,10,0.6,31,17.9
2000,7,11,0,28,18.9
2000,7,12,0,28.2,15.7
2000,7,13,0,26.8,17.3
2000,7,14,0,29.2,15.4
2000,7,15,0,31.2,16.3
2000,7,16,0,29.9,15.9
2000,7,17,28.8,29.4,15.9
2000,7,18,4.5,26.2,18.2
2000,7,19,9.4,29.2,17.9
2000,7,20,2.8,27.1,16.4
2000,7,21,0,29.4,16.3
2000,7,22,1.3,28.8,17.3
2000,7,23,4.4,28.4,16.4
2000,7,24,6.7,27.4,17.6
2000,7,25,4.4,27.4,17.1
2000,7,26,0,30.4,16.6
2000,7,27,0,28.9,17.6
2000,7,28,0.2,31.3,16.9
2000,7,29,12.2,28.3,18.9
2000,7,30,2.6,30.4,17.8
2000,7,31,2.8,29.7,18.4
2000,8,1,18.9,28.9,17
2000,8,2,26.8,27.8,18.6
2000,8,3,2.8,28.3,17.5
2000,8,4,2.1,30.5,16.1
2000,8,5,5.5,29.2,17.5
2000,8,6,4,29.7,16.2
2000,8,7,19.8,28,18
2000,8,8,34.4,27.8,17.2
2000,8,9,10.9,26.6,16
2000,8,10,5.8,26.9,17.3
2000,8,11,25.3,28.7,18.3
2000,8,12,2.4,30.5,18.5
2000,8,13,8.4,30.3,17.7
2000,8,14,18.1,29.7,18
2000,8,15,0,29.6,17
2000,8,16,0,30.7,16.7
2000,8,17,1.3,30.5,17.6
2000,8,18,5,29.3,17.1
2000,8,19,7.5,31.5,16
2000,8,20,0,27.4,18
2000,8,21,0.5,30,16
2000,8,22,6.4,29.8,17.8
2000,8,23,9.8,26.6,16.7
2000,8,24,2.6,29.8,16.7
2000,8,25,1.8,29.5,18.7
2000,8,26,6.4,30.8,16.7
2000,8,27,47.8,29.4,18.7
2000,8,28,9,30.1,18.6
2000,8,29,30.6,27.9,17.4
2000,8,30,3.5,27.7,16.8
2000,8,31,9.9,30.1,18.5
2000,9,1,8.2,28.6,15.9
2000,9,2,5,31.7,16.7
2000,9,3,8.9,29.9,18.4
2000,9,4,11.3,31.3,16.9
2000,9,5,15.5,30.3,18.3
2000,9,6,9.4,29.5,16.7
2000,9,7,7,32,15.7
2000,9,8,6.3,29.4,19
2000,9,9,0.3,30.4,16.8
2000,9,10,5,28.7,17.1
2000,9,11,3.1,32.1,17.8
2000,9,12,80.4,29.5,18.8
2000,9,13,29.1,31.3,18.4
2000,9,14,4.8,28.3,19.1
2000,9,15,18.1,30.7,16.3
2000,9,16,11,29.7,18.4
2000,9,17,32.6,28.9,18.2
2000,9,18,20.6,30.6,15.4
2000,9,19,9.4,29.3,17.1
2000,9,20,4.7,28.6,15.9
2000,9,21,7.8,29.6,16
2000,9,22,18.8,30.6,18.5
2000,9,23,2.1,29.2,18
2000,9,24,3.3,28.2,16.5
2000,9,25,24.8,29.9,16
2000,9,26,10.6,29,17.7
2000,9,27,19.8,27.3,18.2
2000,9,28,11.3,25.8,17.1
2000,9,29,12.5,28.7,16.1
2000,9,30,1.6,28.9,18.3
2000,10,1,2.9,28.1,18.3
2000,10,2,3.7,27.9,16.5
2000,10,3,1.7,27.9,16.5
2000,10,4,8.7,28.9,16
2000,10,5,19.6,28.3,16.5
2000,10,6,10.5,30.6,18.1
2000,10,7,0,30.8,17.9
2000,10,8,7.6,27.5,18.3
2000,10,9,8.1,29.7,15.5
2000,10,10,21.9,27.5,18
2000,10,11,31.4,25.1,16.5
2000,10,12,14.8,26.2,17.8
2000,10,13,6,26,15.9
2000,10,14,6.6,28.4,17
2000,10,15,27.9,26.5,17.5
2000,10,16,8.8,29.8,17.5
2000,10,17,0.6,29.2,18.3
2000,10,18,0,25.5,16.4
2000,10,19,0,28.5,13.8
2000,10,20,0.4,24.8,16.3
2000,10,21,2.4,28.9,16.2
2000,10,22,3.5,28.7,16.7
2000,10,23,6.5,28.7,15.3
2000,10,24,7.5,23.6,15.4
2000,10,25,1.7,27.3,14.4
2000,10,26,7.3,25.2,17
2000,10,27,1.3,26.4,14.7
2000,10,28,0,26.9,14.9
2000,10,29,0,28.7,15.5
2000,10,30,0.3,30.3,15.7
2000,10,31,0,29.2,17.9
2000,11,1,0,30,14.5
2000,11,2,0,29.9,16.7
2000,11,3,0,28.6,15.7
2000,11,4,0,29.1,18.6
2000,11,5,0,27.1,17.9
2000,11,6,0,29,16.4
2000,11,7,0,31,17.7
2000,11,8,0,31.1,17.6
2000,11,9,29.9,29.7,15.1
2000,11,10,0,27.7,18.8
2000,11,11,0,28.4,15.5
2000,11,12,0,30.8,18.1
2000,11,13,3.3,30.6,16.8
2000,11,14,0,26.9,17.3
2000,11,15,0,30.3,16.4
2000,11,16,0,29.4,15.8
2000,11,17,0,30.7,16.1
2000,11,18,0,30.6,16.1
2000,11,19,0,28.8,15.4
2000,11,20,13.6,28.4,15.4
2000,11,21,17.8,23.4,17
2000,11,22,0.6,25.2,15.4
2000,11,23,0,29.3,15.5
2000,11,24,0.2,30.2,15.2
2000,11,25,0,26.9,17.5
2000,11,26,11.5,25.1,15.5
2000,11,27,13.2,25.6,15.1
2000,11,28,1,28.4,16.6
2000,11,29,13.3,28.1,15.1
2000,11,30,2.9,27,15.7
2000,12,1,5.3,27.3,15.4
2000,12,2,1.4,22.7,16.2
2000,12,3,0.3,24.3,13.9
2000,12,4,0.3,26.7,13.5
2000,12,5,2.3,25.8,15
2000,12,6,0,24.5,13
2000,12,7,0,28.1,13.9
2000,12,8,0,29.3,14.4
2000,12,9,0,29.2,12.3
2000,12,10,0,27.5,13.9
2000,12,11,0,26.1,14
2000,12,12,4.4,27.4,12.4
2000,12,13,0,25.6,11.7
2000,12,14,5.1,28.5,15.5
2000,12,15,1.5,22.9,15.1
2000,12,16,3.5,26.2,14.4
2000,12,17,4.6,24.1,14.4
2000,12,18,4.3,23.4,13.9
2000,12,19,12.4,22.2,13.8
2000,12,20,0.6,27.1,12.6
2000,12,21,0.6,27.5,14.8
2000,12,22,4.5,25.5,14.8
2000,12,23,0,26.7,13.7
2000,12,24,0,26.9,15.6
2000,12,25,2.7,24.8,14.3
2000,12,26,2.6,27.2,13.5
2000,12,27,0,27.8,14.4
2000,12,28,2.1,25.9,12.7
2000,12,29,2.4,26.3,14.3
2000,12,30,2.4,25,15.2
2000,12,31,0.5,24.3,14.1
2001,1,1,3.9,26.7,13.6
2001,1,2,7.6,22.7,14.2
2001,1,3,3.2,23.8,13.3
2001,1,4,4.4,24.4,14.3
2001,1,5,0,28.8,10.5
2001,1,6,0,29.8,14.9
2001,1,7,0,31.5,14.4
2001,1,8,0,28.4,12
2001,1,9,3,27.4,13.1
2001,1,10,0.9,29.3,13.5
2001,1,11,8,27.6,13.5
2001,1,12,0,28,14.6
2001,1,13,0,27.4,16.3
2001,1,14,0,29.8,13
2001,1,15,0,29.6,13.9
2001,1,16,0,28.8,13.2
2001,1,17,0,30.7,10.2
2001,1,18,1.2,32.8,12.7
2001,1,19,0.3,26.5,14
2001,1,20,0.9,30.6,12.6
2001,1,21,0,28.1,16.8
2001,1,22,1,28.7,12.9
2001,1,23,0,30.9,15.8
2001,1,24,1.5,28.1,10.7
2001,1,25,0.3,24.7,12.9
2001,1,26,0.3,29.1,14.4
2001,1,27,0,27.4,15.1
2001,1,28,0,28.2,13.4
2001,1,29,0,30,13.2
2001,1,30,0,29.7,11.3
2001,1,31,0.5,28.4,14.2
2001,2,1,1.1,28.6,14.3
2001,2,2,9.2,25.5,14.1
2001,2,3,13.4,31.5,12.4
2001,2,4,15.7,28.3,14.5
2001,2,5,10.8,26.8,12.9
2001,2,6,2.8,24.1,14.1
2001,2,7,0.3,24.6,12.4
2001,2,8,0,27.8,12.4
2001,2,9,0,28.3,15.9
2001,2,10,0,28.4,12.6
2001,2,11,3.8,30.2,14.9
2001,2,12,3.9,26.6,15.7
2001,2,13,5.6,25.3,15.8
2001,2,14,3,26.4,14.3
2001,2,15,3.8,31,14.8
2001,2,16,1.1,30.3,17.4
2001,2,17,5.3,26.4,16.2
2001,2,18,34.5,27,14.9
2001,2,19,0,26.7,13.7
2001,2,20,0,29.8,13.5
2001,2,21,0,28.1,15.1
2001,2,22,0,27.7,16.2
2001,2,23,0,28.5,15
2001,2,24,0,27.9,14
2001,2,25,0,29.1,13.6
2001,2,26,0,30,15.1
2001,2,27,0,30.5,17
2001,2,28,0,26.5,15.1
2001,3,1,0,29.5,14.5
2001,3,2,0,31.2,16.7
2001,3,3,0,32,14.6
2001,3,4,20.2,29.8,11.2
2001,3,5,0.3,28.7,14.1
2001,3,6,0,28.7,15.8
2001,3,7,5.7,28.1,13.7
2001,3,8,0,28.8,12.9
2001,3,9,0,30.3,12.9
2001,3,10,0.6,28.9,14.2
2001,3,11,0,31.6,13.2
2001,3,12,0,32,16.3
2001,3,13,0,31.2,16.4
2001,3,14,0,33.1,14.9
2001,3,15,0,29.8,14.6
2001,3,16,2.4,32.8,13.7
2001,3,17,3,31.4,17.3
2001,3,18,10.5,32.5,15
2001,3,19,13.1,28.4,18.1
2001,3,20,1.5,26.4,15
2001,3,21,0,27.5,14
2001,3,22,0.3,30.4,10.2
2001,3,23,0,30.4,12.5
2001,3,24,0,31.6,12.8
2001,3,25,0,30.2,12.3
2001,3,26,0,25.9,15.5
2001,3,27,0,31.5,13.6
2001,3,28,0,32.6,12.7
2001,3,29,0,32.1,15.2
2001,3,30,0,33.9,15
2001,3,31,0,30.3,14.9
2001,4,1,0.3,33.7,15.7
2001,4,2,1.2,30.8,15.8
2001,4,3,2.4,30.9,15.7
2001,4,4,0,34.5,16.2
2001,4,5,0,30.8,16.8
2001,4,6,0,31.9,14.8
2001,4,7,0,30.9,16.1
2001,4,8,1.8,32,14.7
2001,4,9,6.5,30.6,15.6
2001,4,10,0,33.2,16.6
2001,4,11,5.7,33.9,18.2
2001,4,12,0,30.5,16.5
2001,4,13,0,31.7,15.7
2001,4,14,0,29.2,15.7
2001,4,15,0,32.8,16.6
2001,4,16,0,32.1,18.5
2001,4,17,0.3,31.2,16.9
2001,4,18,8.6,29.2,17.9
2001,4,19,10,30,15.2
2001,4,20,0,30.5,15.8
2001,4,21,0,30.4,17.6
2001,4,22,0,29,17.3
2001,4,23,0,33.3,15.8
2001,4,24,5.5,31.7,17.2
2001,4,25,14.2,27.9,17.7
2001,4,26,9.8,26.5,15.2
2001,4,27,5.8,28.3,15.2
2001,4,28,3.2,25.6,17.2
2001,4,29,1.8,29,15.1
2001,4,30,0,30.8,17.6
2001,5,1,0,32.8,17.7
2001,5,2,5.1,33.1,16.9
2001,5,3,0,30.9,14.8
2001,5,4,0,33,14.6
2001,5,5,0,30,17.7
2001,5,6,0,30.7,15.2
2001,5,7,0,30.2,16.8
2001,5,8,9.7,32.1,13.7
2001,5,9,8.3,30.2,16.2
2001,5,10,2.3,28.7,15.5
2001,5,11,7.5,26,17
2001,5,12,9.6,30.1,15.1
2001,5,13,4.7,30.3,17
2001,5,14,2,29.9,17.4
2001,5,15,0,28.4,16.6
2001,5,16,0.6,30.5,16
2001,5,17,16.8,32.4,17.2
2001,5,18,23.2,31.8,17.8
2001,5,19,6.3,32.6,17.8
2001,5,20,0,30.7,17.3
2001,5,21,4,33.4,17.4
2001,5,22,7.4,31.4,17.9
2001,5,23,0.6,31.7,16.2
2001,5,24,20.9,31.6,17.1
2001,5,25,18.9,29.1,17.5
2001,5,26,10.9,31.1,16.9
2001,5,27,16.1,31.8,17.4
2001,5,28,22.1,29.9,16.9
2001,5,29,15.5,30.9,17
2001,5,30,17.6,31.3,16
2001,5,31,21.6,28.7,18
2001,6,1,31.7,27.4,18.4
2001,6,2,12.7,25.4,16.9
2001,6,3,7.4,26,15.5
2001,6,4,0.5,28.7,16
2001,6,5,0,31.6,17.8
2001,6,6,13.4,29.6,17.5
2001,6,7,6.7,28.3,16.9
2001,6,8,1.9,30.9,16
2001,6,9,0,31.1,17
2001,6,10,3,31.3,18.1
2001,6,11,36.8,31.2,17.9
2001,6,12,0.3,30.8,16.6
2001,6,13,1.9,27.9,16.6
2001,6,14,0,30.9,15.9
2001,6,15,1,30.9,18.5
2001,6,16,28.6,28.3,18.2
2001,6,17,9,27.2,17
2001,6,18,7.2,30.1,17.9
2001,6,19,0.9,28.3,18.7
2001,6,20,5.7,30,17.1
2001,6,21,1.1,28.4,16.9
2001,6,22,7.7,28,15.7
2001,6,23,3.5,30.8,15.8
2001,6,24,4.3,26.9,18.4
2001,6,25,0,25.8,16.9
2001,6,26,6.8,29.7,14.9
2001,6,27,1.5,28.3,17.8
2001,6,28,7.3,31.1,17.5
2001,6,29,0,29.1,17.5
2001,6,30,9.5,32.2,16.7
2001,7,1,4.1,29,17.5
2001,7,2,14.4,28.1,17.7
2001,7,3,4.8,26.8,19.1
2001,7,4,4.1,26.5,18.2
2001,7,5,5.9,28.4,16.4
2001,7,6,19.9,27.8,17.7
2001,7,7,10.4,27.8,17.4
2001,7,8,2.9,28.7,17.2
2001,7,9,3.8,29.4,16.8
2001,7,10,0,29.4,18.8
2001,7,11,5.7,30.8,17.6
2001,7,12,2.3,29.3,15.6
2001,7,13,12.4,29.3,18
2001,7,14,22.2,29.2,17.7
2001,7,15,6.1,29.9,18.1
2001,7,16,23.4,31.2,18.2
2001,7,17,13.5,29.5,17.4
2001,7,18,7.6,29.5,17.6
2001,7,19,1.7,27.9,17.5
2001,7,20,0,28.8,15.8
2001,7,21,0,30.3,17.2
2001,7,22,0,31.4,17.8
2001,7,23,11.4,31.2,17.7
2001,7,24,16.4,29.5,17.7
2001,7,25,19.6,29.3,18
2001,7,26,2.9,28.3,18.2
2001,7,27,5.5,30,17.3
2001,7,28,1.8,28.9,17.7
2001,7,29,6.8,24.9,17.6
2001,7,30,10.3,28,17.6
2001,7,31,7,30.8,17.7
2001,8,1,1.8,26.6,17.7
2001,8,2,1.8,27.4,17.2
2001,8,3,3,27.9,17.9
2001,8,4,7.7,27.7,18.3
2001,8,5,21.8,29,17.8
2001,8,6,7,27,18
2001,8,7,6.6,26.1,17.8
2001,8,8,8.8,25.5,17
2001,8,9,20.2,25.1,16.3
2001,8,10,5.4,25.3,17.5
2001,8,11,5.4,26.5,18.1
2001,8,12,5.5,27.1,17.2
2001,8,13,3.6,26,17.9
2001,8,14,13.1,28,17.4
2001,8,15,2.1,26.2,17.5
2001,8,16,5.5,27.8,17
2001,8,17,3.3,26.2,19.2
2001,8,18,2.9,27.7,17.7
2001,8,19,1,30,17.6
2001,8,20,7.6,27.1,17.9
2001,8,21,10.8,28.5,18.4
2001,8,22,9.4,25.9,17.8
2001,8,23,28.2,26.6,18.7
2001,8,24,28.1,26.6,18.1
2001,8,25,11.3,26.8,17.6
2001,8,26,1.7,27.6,17.6
2001,8,27,0.6,27.5,17.4
2001,8,28,0.8,28.4,17.1
2001,8,29,3.3,28.5,18.2
2001,8,30,0,27.8,16.1
2001,8,31,0,27.8,16.2
2001,9,1,1.4,29.4,17.1
2001,9,2,0.3,26.7,17.5
2001,9,3,0,30.6,17.3
2001,9,4,0,30.3,17.8
2001,9,5,10.2,28.7,17.6
2001,9,6,7.8,27.5,17.6
2001,9,7,22.3,27,18
2001,9,8,11.4,27.4,17.8
2001,9,9,30.6,27.8,17.7
2001,9,10,19.6,27.3,18.2
2001,9,11,7.9,28.1,17.5
2001,9,12,2.4,28.4,18.1
2001,9,13,1.7,28.3,18.4
2001,9,14,4.8,28.1,18.1
2001,9,15,11.8,28.1,18.1
2001,9,16,3.4,25.8,19.5
2001,9,17,8.8,26.1,18
2001,9,18,0.9,27.5,18.5
2001,9,19,11.1,27.6,17.8
2001,9,20,6.1,25.8,16.3
2001,9,21,10.7,24.8,17.2
2001,9,22,12.2,25.3,17.7
2001,9,23,15.1,25.3,17.7
2001,9,24,7.1,26.6,16.9
2001,9,25,14,26.6,17.3
2001,9,26,18.8,26.5,17.5
2001,9,27,13.2,25.8,18.2
2001,9,28,26,24.8,17.9
2001,9,29,13.1,23.2,17.3
2001,9,30,7.3,25.2,16.3
2001,10,1,1.4,23.9,16.8
2001,10,2,0.6,27.3,14.3
2001,10,3,0.1,25.5,17.8
2001,10,4,0,25.7,17.3
2001,10,5,0,29.2,16.7
2001,10,6,4.8,29.9,16.5
2001,10,7,9.6,25.6,18.1
2001,10,8,39.2,23.6,16.3
2001,10,9,14.6,28.2,15.5
2001,10,10,5.1,27.6,18.5
2001,10,11,0,27.3,17.5
2001,10,12,0,27.8,16.1
2001,10,13,3.2,30.5,16.9
2001,10,14,8.6,29,17.7
2001,10,15,12.9,27,18
2001,10,16,35.9,24.2,16.9
2001,10,17,23,25.8,15.5
2001,10,18,12,24.1,16.8
2001,10,19,6.8,25.7,15.6
2001,10,20,1.8,27.2,17
2001,10,21,0,26.3,17.6
2001,10,22,1.8,28.5,17.2
2001,10,23,2.9,29.6,18.6
2001,10,24,5.2,28.8,18.5
2001,10,25,9.6,28.1,17.7
2001,10,26,9.4,26.6,17
2001,10,27,28.9,23.9,16.8
2001,10,28,14.6,23.4,14.8
2001,10,29,2,22.4,15.9
2001,10,30,2,24.7,14.7
2001,10,31,0.1,24.8,16.9
2001,11,1,0,27.3,16.7
2001,11,2,0,25.3,16.9
2001,11,3,13.6,27,16
2001,11,4,12.5,23.2,16.9
2001,11,5,5.4,24.2,15.8
2001,11,6,10.7,25.4,15
2001,11,7,13.2,22,15.8
2001,11,8,9.8,25.1,14.9
2001,11,9,0.6,25.5,16.1
2001,11,10,1.9,23.7,16.4
2001,11,11,4.1,25.4,15.7
2001,11,12,1.4,23.9,16
2001,11,13,0,26.1,16.2
2001,11,14,0,25.1,16.1
2001,11,15,2.5,26.7,15.9
2001,11,16,3.6,27.4,14
2001,11,17,4.7,24.4,17.5
2001,11,18,1.4,22,15.3
2001,11,19,0.4,24.3,14.2
2001,11,20,0,24.4,16
2001,11,21,0,25.8,13.7
2001,11,22,2.5,27.8,14.3
2001,11,23,0,28,15.6
2001,11,24,0,29.2,16.4
2001,11,25,3.1,26.6,16.3
2001,11,26,0,25.4,16.1
2001,11,27,0,32,15.4
2001,11,28,0,28.5,18.5
2001,11,29,1.4,28.1,15.3
2001,11,30,0.9,26.8,14
2001,12,1,0,25.8,16.6
2001,12,2,0,24.7,14.7
2001,12,3,4.5,23.5,16.2
2001,12,4,3.1,24.5,15.5
2001,12,5,5.2,23.1,17
2001,12,6,0.3,23,15.2
2001,12,7,0.1,25.3,15.9
2001,12,8,0,25.9,14.6
2001,12,9,5,25.4,15.1
2001,12,10,0.2,27.4,15.9
2001,12,11,0.1,25.3,17.5
2001,12,12,0,29.6,14.5
2001,12,13,0,27.7,16.1
2001,12,14,0.7,28,12.8
2001,12,15,0.5,25.6,14.6
2001,12,16,3,27.2,16.7
2001,12,17,8.9,25.5,14.5
2001,12,18,7.1,23.5,15.4
2001,12,19,34.2,24.5,16.6
2001,12,20,18.4,24.6,16.9
2001,12,21,7.2,26.8,15.4
2001,12,22,0.3,26.3,17
2001,12,23,0,26.6,14.5
2001,12,24,3,27.4,16.4
2001,12,25,10,26.3,16.8
2001,12,26,0.6,23.2,16.1
2001,12,27,0.1,23.9,15.7
2001,12,28,1.7,23.8,14.9
2001,12,29,2.6,25.4,15.1
2001,12,30,1.1,26.4,16.4
2001,12,31,0.3,25.6,16
2002,1,1,0.8,27.1,15.8
2002,1,2,8.1,24.9,16
2002,1,3,10.8,23.9,15.2
2002,1,4,3,25.7,15.6
2002,1,5,0.1,26.9,16.1
2002,1,6,4.4,22.6,15.5
2002,1,7,5.7,22.3,14.1
2002,1,8,2,23.5,14.5
2002,1,9,2.2,23.2,12.5
2002,1,10,0,28.2,11.9
2002,1,11,0,26.2,11.8
2002,1,12,3.5,26.7,12.7
2002,1,13,0,25.3,14.3
2002,1,14,0.1,24.7,14.2
2002,1,15,1.9,24.1,16.7
2002,1,16,4.6,24.3,15.8
2002,1,17,2.2,26.6,16.3
2002,1,18,0,26.6,15.9
2002,1,19,0,26.8,15.2
2002,1,20,3,26.8,15.8
2002,1,21,0,29.3,14.9
2002,1,22,0,25.2,14
2002,1,23,0,26.4,14.7
2002,1,24,0,27.5,14.6
2002,1,25,5.4,26.8,15.8
2002,1,26,0.6,27.7,16.5
2002,1,27,1.6,26.4,17.2
2002,1,28,5.5,25.3,15
2002,1,29,0.2,25.5,16
2002,1,30,0,25.8,14.9
2002,1,31,1.9,27.5,14.6
2002,2,1,3.5,27.1,15
2002,2,2,5.9,24.7,16.9
2002,2,3,4.2,24.4,14.9
2002,2,4,0.8,25.2,14.2
2002,2,5,3,25.9,15
2002,2,6,23.6,26.2,14.7
2002,2,7,26.7,23,15.6
2002,2,8,4.1,25.8,15.8
2002,2,9,1.4,27.1,16
2002,2,10,3.6,27,16.1
2002,2,11,5.3,24.5,14.8
2002,2,12,0,26.5,15.3
2002,2,13,0,26.8,15.5
2002,2,14,4.8,26.2,15.7
2002,2,15,0,26,17.1
2002,2,16,22.4,25.2,15.9
2002,2,17,20.3,25,16.2
2002,2,18,3,26.2,15.8
2002,2,19,2.2,26.2,16.7
2002,2,20,0,25.9,14.1
2002,2,21,0,28.4,15.9
2002,2,22,4.1,23,14.5
2002,2,23,0,24.1,13
2002,2,24,0,26,14.1
2002,2,25,13.2,28.7,14.6
2002,2,26,14.7,27.2,15.5
2002,2,27,2.5,24.2,15.8
2002,2,28,0,27.7,15.3
2002,3,1,3,27.8,15.5
2002,3,2,3.7,28.4,14.9
2002,3,3,7.2,28.3,15.9
2002,3,4,7.1,22.1,15.3
2002,3,5,0.3,26.1,14
2002,3,6,0.2,28.3,15.6
2002,3,7,0,27.8,17.6
2002,3,8,0,27.4,15.2
2002,3,9,2.5,27,15.3
2002,3,10,4.1,24.4,16.1
2002,3,11,0,26.7,16.1
2002,3,12,2.2,29.3,15.1
2002,3,13,0,28.5,16.1
2002,3,14,0,29.4,15.4
2002,3,15,0,30,15.8
2002,3,16,2.5,30.6,16.6
2002,3,17,0,28.4,16.3
2002,3,18,0,29.2,14.9
2002,3,19,3.7,28.3,15.3
2002,3,20,5.7,26.2,16.3
2002,3,21,5.3,25.8,16.2
2002,3,22,3.4,24,16.5
2002,3,23,5.4,25.6,16.8
2002,3,24,2,28.6,16.3
2002,3,25,0,27.4,15
2002,3,26,15.3,29.1,14.7
2002,3,27,19.6,28.4,16.5
2002,3,28,0,29.1,16.1
2002,3,29,0,29.7,16.1
2002,3,30,2.5,31.3,16.7
2002,3,31,0,28.6,16.5
2002,4,1,0,31.2,13.6
2002,4,2,0,30.7,16.3
2002,4,3,0,28.2,17.1
2002,4,4,0,30.1,16.2
2002,4,5,0,28.4,18.2
2002,4,6,0,27.7,15.1
2002,4,7,3.3,27.8,16.1
2002,4,8,0,29.9,14.9
2002,4,9,3.4,31.6,16.3
2002,4,10,2.2,28.3,13.6
2002,4,11,0.3,28.4,14.7
2002,4,12,0,29.3,15.9
2002,4,13,0,27.7,16.3
2002,4,14,4.9,28.7,15.4
2002,4,15,0,29.3,14.9
2002,4,16,0,29.4,14.8
2002,4,17,0,28.3,16.6
2002,4,18,0,31.4,16.4
2002,4,19,0,28.3,15.1
2002,4,20,0,30.5,14.7
2002,4,21,0,27.6,16
2002,4,22,0,29,14.8
2002,4,23,0,27.9,16.2
2002,4,24,0,29.2,13.6
2002,4,25,0,28.7,15
2002,4,26,0,28.2,16.1
2002,4,27,0,31.1,15.6
2002,4,28,0,29.5,16.5
2002,4,29,0,28.3,15.1
2002,4,30,0,29.8,14.5
2002,5,1,0,29.9,14.8
2002,5,2,0,30.1,16.9
2002,5,3,4.7,30.7,17.1
2002,5,4,0,30.2,18.1
2002,5,5,9.5,29.4,18.8
2002,5,6,0,29.7,16
2002,5,7,0,29.8,15.5
2002,5,8,0,28.5,16.1
2002,5,9,0,30.9,15.9
2002,5,10,0.4,29.4,16.7
2002,5,11,0.4,31.7,17.5
2002,5,12,0,30.3,18.1
2002,5,13,20,29.5,18.6
2002,5,14,3,29,17.8
2002,5,15,0,29.3,17.1
2002,5,16,0,31.8,17.6
2002,5,17,8.6,29.9,17
2002,5,18,31.3,32.5,16.6
2002,5,19,11.8,29.9,17.1
2002,5,20,4.2,27.6,16.9
2002,5,21,0.3,27,15.8
2002,5,22,0,28.7,16.6
2002,5,23,0,28.6,17.2
2002,5,24,5.4,30.2,17.1
2002,5,25,4.5,30.3,17.2
2002,5,26,3.9,29.5,17.5
2002,5,27,0,28.9,16.2
2002,5,28,4.7,30.3,15.3
2002,5,29,14.2,30.5,17.9
2002,5,30,1.2,29.2,17.6
2002,5,31,1.9,30.2,17.4
2002,6,1,9.8,28.7,16.4
2002,6,2,12.3,25.7,17.1
2002,6,3,3.4,25.4,17.2
2002,6,4,4.6,28.7,16
2002,6,5,7.5,30,15.4
2002,6,6,29.4,30.7,16.7
2002,6,7,23.9,25.6,18.3
2002,6,8,13.8,26.9,17.7
2002,6,9,5.2,28.7,17.4
2002,6,10,9.6,29.1,17.8
2002,6,11,11.1,28.6,16
2002,6,12,15.2,27.9,17.2
2002,6,13,23.8,29.1,18
2002,6,14,5.2,25.2,18
2002,6,15,5.8,26.3,17.2
2002,6,16,6.8,28.2,17.4
2002,6,17,3.8,29,18.3
2002,6,18,8,28.2,18.5
2002,6,19,17.2,27.1,17.2
2002,6,20,17,26.5,18
2002,6,21,14.5,26.5,17.4
2002,6,22,5,27.6,18.2
2002,6,23,2.4,28.8,18.8
2002,6,24,7.8,28.4,18
2002,6,25,4.2,28.5,17.9
2002,6,26,24.3,25.7,18
2002,6,27,24.2,27.1,17.3
2002,6,28,3.7,27.5,17.4
2002,6,29,0,28.3,17.9
2002,6,30,0,30,18.6
2002,7,1,0.3,29.2,17.7
2002,7,2,2.5,27.9,17
2002,7,3,3.7,27.3,17.9
2002,7,4,2,29.5,17.3
2002,7,5,2.2,28.5,17.5
2002,7,6,4.2,29.4,16.7
2002,7,7,15.7,29.6,17.5
2002,7,8,0.3,27.4,17.5
2002,7,9,3.7,28.3,16.4
2002,7,10,32.5,27.1,18
2002,7,11,18.7,28.5,16.7
2002,7,12,20.2,27,17.6
2002,7,13,8.5,26.8,18.2
2002,7,14,3.8,28.3,18.4
2002,7,15,7.8,27.7,17.8
2002,7,16,0.1,26.3,17.6
2002,7,17,19.7,27.5,15.4
2002,7,18,1.6,27.9,17.2
2002,7,19,2.1,27.5,17.4
2002,7,20,16.8,27.5,17.7
2002,7,21,3.5,25.6,17.1
2002,7,22,8.1,25.4,16.4
2002,7,23,3,26.1,17.3
2002,7,24,2,27.6,16.1
2002,7,25,0.3,27.7,17.7
2002,7,26,1.3,28.9,17
2002,7,27,7.8,30,17.7
2002,7,28,3.8,27.3,17.7
2002,7,29,3.9,28.8,17.2
2002,7,30,0,26.8,17.2
2002,7,31,0.2,27.9,17.1
2002,8,1,6,28.9,15.6
2002,8,2,5.2,29.3,18.1
2002,8,3,4.7,30.5,16.8
2002,8,4,2.9,28.6,17
2002,8,5,2.3,29.1,16.9
2002,8,6,0,28.5,17.1
2002,8,7,25.6,28.3,16.4
2002,8,8,12.1,28.7,16.3
2002,8,9,9.9,27.7,18.2
2002,8,10,0.2,29.6,16.5
2002,8,11,18.7,28,17.4
2002,8,12,7.8,27.3,17.3
2002,8,13,0,28.9,16.8
2002,8,14,0,29,15.9
2002,8,15,0.1,28.3,16.6
2002,8,16,0.1,27.8,16.7
2002,8,17,8.5,27.2,16.9
2002,8,18,3,27.8,16.6
2002,8,19,2,28,17.3
2002,8,20,7.4,27.9,17.5
2002,8,21,7.2,27.7,16.8
2002,8,22,31.4,27.4,17.4
2002,8,23,28,27.7,16.6
2002,8,24,0,27.8,15.7
2002,8,25,1.9,26.5,17.5
2002,8,26,1.8,26.9,16.1
2002,8,27,15,26.1,17.4
2002,8,28,12.5,26.9,17
2002,8,29,7,27.3,17.6
2002,8,30,9.1,29.1,17.7
2002,8,31,4.8,28.4,17.9
2002,9,1,34.9,26.7,17.1
2002,9,2,23.7,26.4,16.6
2002,9,3,22.9,27.7,16.4
2002,9,4,1.6,29.1,17.8
2002,9,5,19.7,29,17.4
2002,9,6,5.7,27.3,17.3
2002,9,7,12.4,28.6,17.4
2002,9,8,26.5,27.5,16.9
2002,9,9,10.4,27.2,16.5
2002,9,10,15.3,28.5,17.5
2002,9,11,8.2,28.8,18
2002,9,12,11.6,27.1,17.3
2002,9,13,1.8,28.5,16.7
2002,9,14,6.8,28.5,17.1
2002,9,15,0.1,28.1,17.9
2002,9,16,0,29.6,17.3
2002,9,17,2,26.2,17.2
2002,9,18,1.3,27.8,17.9
2002,9,19,5.7,28.2,16.3
2002,9,20,11.7,27.2,16.5
2002,9,21,11.7,26.3,16.9
2002,9,22,4.6,26.9,16.9
2002,9,23,8.8,25.5,16.6
2002,9,24,6.9,26,16.7
2002,9,25,6,26.4,16.8
2002,9,26,23.8,26.6,17.2
2002,9,27,34,27.6,17.2
2002,9,28,30.6,26.1,17.5
2002,9,29,14.6,26.8,16.6
2002,9,30,4.3,27.6,17.3
2002,10,1,6.1,27.7,17
2002,10,2,16.3,27.9,17.2
2002,10,3,9,27.9,17.4
2002,10,4,4.2,26.7,17.2
2002,10,5,1.7,26.9,16.7
2002,10,6,7.5,26,17.2
2002,10,7,15.5,26.4,17
2002,10,8,1.3,27.1,17.4
2002,10,9,0,28.8,17.1
2002,10,10,3.7,27.6,17.4
2002,10,11,4.8,26.9,17.3
2002,10,12,9.4,26.7,16.8
2002,10,13,1.2,27.6,17.2
2002,10,14,3,27.3,16.3
2002,10,15,0,27.8,15.5
2002,10,16,0,27.4,16.3
2002,10,17,0,27.4,16.9
2002,10,18,0,27.2,16.5
2002,10,19,0,27.6,14.7
2002,10,20,0,27.9,15.4
2002,10,21,0.5,28,16.5
2002,10,22,0,28.1,16.6
2002,10,23,0,28.4,16.5
2002,10,24,0,29.3,17
2002,10,25,0,28.9,16.8
2002,10,26,0,28.1,16.9
2002,10,27,0,27.6,16.3
2002,10,28,14.8,27.8,16.3
2002,10,29,7.6,28.7,17.1
2002,10,30,6.5,28.8,17.1
2002,10,31,0.9,25.3,17.1
2002,11,1,23,26.6,16.9
2002,11,2,0.3,28,16.6
2002,11,3,0,28.7,16.9
2002,11,4,0,28.6,15.7
2002,11,5,0.6,28,16.5
2002,11,6,6.3,25.8,16.4
2002,11,7,10.4,25.3,16.2
2002,11,8,7.2,25.7,16.2
2002,11,9,0,27,17
2002,11,10,0,28,16.1
2002,11,11,0,28.4,16.2
2002,11,12,0,26.5,15.9
2002,11,13,11.7,25.7,15.6
2002,11,14,4.7,26,16.4
2002,11,15,0,28.1,16.5
2002,11,16,6.8,27.4,16
2002,11,17,1.1,25,14.2
2002,11,18,0,22.6,14.7
2002,11,19,1.2,23.9,13.8
2002,11,20,1.6,23.8,14.8
2002,11,21,1.3,24.1,14.8
2002,11,22,2.3,22,13.5
2002,11,23,0,25.1,13.6
2002,11,24,0,25.1,12.7
2002,11,25,0,25.9,13.6
2002,11,26,2.5,25.7,15.6
2002,11,27,9.6,24,15.6
2002,11,28,6.8,24,15.9
2002,11,29,1.5,26.4,15.9
2002,11,30,5.8,25.7,16.5
2002,12,1,0.4,25.6,16
2002,12,2,0,28.2,16.3
2002,12,3,0.1,25.8,13.3
2002,12,4,0,29.1,14.6
2002,12,5,6.6,23.8,15.9
2002,12,6,11.5,23.9,13.2
2002,12,7,1.9,23.6,15
2002,12,8,3.2,27.2,14.4
2002,12,9,0.3,29.2,15.1
2002,12,10,7,26.9,17.1
2002,12,11,0.1,26.4,15.6
2002,12,12,0.9,26.2,16
2002,12,13,2.1,25.1,14.9
2002,12,14,0,24.4,14.7
2002,12,15,0,26,13.8
2002,12,16,0.3,25.4,13.3
2002,12,17,0,29.2,13.8
2002,12,18,0,29.8,15.3
2002,12,19,5.4,29.3,15.4
2002,12,20,3.5,23.7,14.8
2002,12,21,0,28.1,15.7
2002,12,22,0,29.1,15.9
2002,12,23,0,27.5,15.3
2002,12,24,1.5,28.5,13.2
2002,12,25,0.7,24.7,14
2002,12,26,1,23.5,15.6
2002,12,27,7.9,23.5,13.4
2002,12,28,5.7,21.8,12.4
2002,12,29,3.7,25.9,14.7
2002,12,30,0,27.4,16
2002,12,31,0.2,26.5,14.4
2003,1,1,0.7,26.2,15.4
2003,1,2,9.1,25.1,13.9
2003,1,3,2.8,22.9,14.2
2003,1,4,0.6,24,14.7
2003,1,5,0,24.7,15.1
2003,1,6,6.8,24.3,14.6
2003,1,7,0.6,23.7,14.9
2003,1,8,0,26.2,15.1
2003,1,9,0,27.7,14.1
2003,1,10,0,28.8,13.9
2003,1,11,0,27.8,16.5
2003,1,12,0,25.4,17
2003,1,13,5,23.9,16.4
2003,1,14,2.8,21.3,14.6
2003,1,15,0.6,22.6,14.1
2003,1,16,4.8,22.4,14.1
2003,1,17,2.6,23.2,15
2003,1,18,0.9,23.9,14.5
2003,1,19,0.8,23.2,14.2
2003,1,20,0.1,25.2,14.3
2003,1,21,0,26,14.2
2003,1,22,0.1,26.5,14.7
2003,1,23,2.9,24.9,13.9
2003,1,24,0.8,23.6,15.6
2003,1,25,0.2,23.8,14
2003,1,26,0,23.8,15
2003,1,27,2.1,23.1,13.8
2003,1,28,0,22.8,13.7
2003,1,29,0,26.6,12.4
2003,1,30,0.6,26.6,14.5
2003,1,31,0.1,26.1,14.5
2003,2,1,0,24.9,14
2003,2,2,0,26.6,15.6
2003,2,3,0,27.7,15.8
2003,2,4,0,28.5,15
2003,2,5,0,28.9,14.9
2003,2,6,0,28.8,15.2
2003,2,7,0,26.4,15.4
2003,2,8,0,28.8,14.4
2003,2,9,0,28.8,14.4
2003,2,10,4.6,27.7,13.5
2003,2,11,0,26.9,13.9
2003,2,12,3.1,27.4,13.9
2003,2,13,0.3,27.8,14.5
2003,2,14,0,27.8,13.7
2003,2,15,0,29.1,14.4
2003,2,16,5.5,27.1,15
2003,2,17,3.4,27.3,14.8
2003,2,18,0,27,15.1
2003,2,19,1.5,27.6,15.5
2003,2,20,2.2,28.8,13.8
2003,2,21,0,29.9,15.6
2003,2,22,0.6,28.2,14
2003,2,23,0,26.8,14.2
2003,2,24,0,29.9,14.6
2003,2,25,0,29.4,14.3
2003,2,26,0,31.6,15.6
2003,2,27,0,30.5,15.7
2003,2,28,2.1,27.5,15.6
2003,3,1,0,34,15.4
2003,3,2,0,34.1,15.7
2003,3,3,0,33.4,15
2003,3,4,0,31.6,14.8
2003,3,5,0,32.9,15.7
2003,3,6,0,32.2,15.8
2003,3,7,0,30.6,16.5
2003,3,8,0,34.2,17.1
2003,3,9,0,33.7,16.3
2003,3,10,0,29.9,15.4
2003,3,11,0,30.4,15.6
2003,3,12,0,30.1,14.3
2003,3,13,0,30,15
2003,3,14,0,31.9,14.5
2003,3,15,0,33.5,15.1
2003,3,16,0,34.1,15.4
2003,3,17,0,29.8,16
2003,3,18,0,32,14.5
2003,3,19,0,33.7,14.9
2003,3,20,0,32.5,14.2
2003,3,21,0,36.8,15.5
2003,3,22,11.7,26.3,15.6
2003,3,23,12,28.2,15.5
2003,3,24,0,28.3,16.1
2003,3,25,12.1,34.1,15.4
2003,3,26,6.5,27.8,15.3
2003,3,27,0,29,14.9
2003,3,28,6.1,32,16.4
2003,3,29,15.9,27.9,15.6
2003,3,30,7.5,30.1,14.6
2003,3,31,1.4,28.3,14
2003,4,1,0,25.8,12.7
2003,4,2,0,28.1,13.6
2003,4,3,0,30.1,14.7
2003,4,4,0,31.7,16.2
2003,4,5,0,34.9,16.5
2003,4,6,0,34.8,17.1
2003,4,7,10.2,31.8,16.3
2003,4,8,7.2,31.6,15.8
2003,4,9,5.1,24.6,15.8
2003,4,10,0,24.5,15
2003,4,11,0,29,16.1
2003,4,12,7.1,31.4,16
2003,4,13,0,30.7,16.1
2003,4,14,0,31.3,15.9
2003,4,15,0,33.7,15.4
2003,4,16,0,34.1,16.1
2003,4,17,0,33.9,16.2
2003,4,18,0,34.6,15.9
2003,4,19,0,33.8,15.9
2003,4,20,0,33.2,15.8
2003,4,21,0,34,15.8
2003,4,22,0,31.9,15.8
2003,4,23,0,35.4,16.3
2003,4,24,3.3,33.8,16.9
2003,4,25,3.4,36,18.5
2003,4,26,1.2,36.3,18
2003,4,27,0,35.5,17.4
2003,4,28,0,34.2,17.7
2003,4,29,9.9,33.7,17.7
2003,4,30,4,32.4,17.2
2003,5,1,12.6,33,17
2003,5,2,3.6,34.5,16.9
2003,5,3,0,32.4,17.3
2003,5,4,0,32.4,18.1
2003,5,5,0,33.2,16.9
2003,5,6,1.1,33.8,17.9
2003,5,7,2.5,34.6,17.4
2003,5,8,1.7,35.2,17.1
2003,5,9,0,34.3,17.3
2003,5,10,0,33.7,17.5
2003,5,11,0,33.7,16.9
2003,5,12,1.5,36.3,17.1
2003,5,13,0.4,36.2,16.5
2003,5,14,0,34.8,16.8
2003,5,15,0,32.7,17
2003,5,16,2.4,36.7,15.6
2003,5,17,4.1,36.2,16.6
2003,5,18,0.6,34.4,16.6
2003,5,19,5.1,33.8,16.1
2003,5,20,12.8,33.6,15.7
2003,5,21,10.1,34.4,17.2
2003,5,22,3.7,32.2,16.3
2003,5,23,6.7,30.2,16.4
2003,5,24,2.4,32.9,16.1
2003,5,25,3,32.3,17.6
2003,5,26,7.1,32.3,17.6
2003,5,27,11.4,31.8,16.9
2003,5,28,12.1,30.6,17
2003,5,29,19,29.1,16.4
2003,5,30,12.2,28.7,18
2003,5,31,5.6,28.5,17.4
2003,6,1,19.9,31,17.9
2003,6,2,2.4,31.1,18
2003,6,3,8.3,33,17.4
2003,6,4,7.2,30.7,17.7
2003,6,5,4.2,31.7,18.6
2003,6,6,3.9,32.3,18.5
2003,6,7,6.8,31,18.3
2003,6,8,8.4,30.1,18.2
2003,6,9,12,31.7,18.3
2003,6,10,4.4,28.8,19.2
2003,6,11,0,31.6,17.6
2003,6,12,0.4,31.2,18.7
2003,6,13,6.7,31.5,17.7
2003,6,14,1,33.5,17.7
2003,6,15,0,31,17.4
2003,6,16,8,34.4,17.5
2003,6,17,3.6,34.2,18.9
2003,6,18,11.7,32.1,18.8
2003,6,19,7.9,31.8,18.7
2003,6,20,6,31.6,17.8
2003,6,21,8.2,31.7,18.7
2003,6,22,7.4,33.8,17.5
2003,6,23,10.2,31.6,18.9
2003,6,24,7.8,32.8,19
2003,6,25,21.1,27.1,18.7
2003,6,26,3,33.1,17.4
2003,6,27,1.9,31.1,18.5
2003,6,28,4.5,30.9,17.7
2003,6,29,1.1,29.8,18.6
2003,6,30,5.3,30.8,18.1
2003,7,1,0.3,32.7,18.1
2003,7,2,0.7,31.8,18
2003,7,3,0,31.2,18.1
2003,7,4,1.4,30.9,17.8
2003,7,5,13,31.8,17.8
2003,7,6,27.3,30.1,18.4
2003,7,7,0,26.3,18.1
2003,7,8,0.8,31.4,17.6
2003,7,9,4.6,30.5,17.8
2003,7,10,0,30.8,17.6
2003,7,11,2.8,30.9,17.8
2003,7,12,28.3,31.8,17.4
2003,7,13,0.9,32.2,17.4
2003,7,14,2.3,25.7,17.7
2003,7,15,21.2,29.8,18.4
2003,7,16,2.3,32,18.4
2003,7,17,2.4,29.8,18.2
2003,7,18,22.5,26.9,17.6
2003,7,19,1.9,27.2,17.4
2003,7,20,6,29.3,17.3
2003,7,21,4.8,30,17.8
2003,7,22,0.1,29.7,18.7
2003,7,23,0,30.5,18.5
2003,7,24,19.1,28.8,18.6
2003,7,25,19.8,28.1,18.4
2003,7,26,5.1,28.6,17.8
2003,7,27,14.1,29,17.8
2003,7,28,1.5,28.9,18.2
2003,7,29,0,29.8,17.4
2003,7,30,5.4,28.3,17.8
2003,7,31,26,29.6,17.6
2003,8,1,0,30.4,17
2003,8,2,0,29.2,17.2
2003,8,3,0,30.4,17.2
2003,8,4,0,30.4,17.4
2003,8,5,7.2,31,17.6
2003,8,6,0.1,30.6,17.6
2003,8,7,10.1,29,17.7
2003,8,8,0.9,30.1,15
2003,8,9,0.9,30.6,17.4
2003,8,10,4.3,30.4,17.9
2003,8,11,10,30,18.1
2003,8,12,31.5,29,18.4
2003,8,13,3,26.7,18.2
2003,8,14,3.4,28.4,17.5
2003,8,15,0.3,28,17.9
2003,8,16,4.8,26.8,17.1
2003,8,17,16.3,28.6,17.2
2003,8,18,14.2,27.6,18.2
2003,8,19,2.2,28.6,18.4
2003,8,20,0,29.5,17.6
2003,8,21,0.7,29.7,18.6
2003,8,22,9.2,28.8,17.9
2003,8,23,1.1,30,17.8
2003,8,24,6.3,28.3,18.1
2003,8,25,7.4,29.6,17.5
2003,8,26,15.9,27.4,17.9
2003,8,27,0.6,28.5,16.8
2003,8,28,28.7,25.8,18
2003,8,29,44.2,29.9,18.4
2003,8,30,18.2,28.4,18.5
2003,8,31,5,28.6,19
2003,9,1,4.5,29.3,19.1
2003,9,2,15.8,28.2,18
2003,9,3,24.1,28.8,17.9
2003,9,4,2.9,29.4,18.7
2003,9,5,10.7,28.8,18.6
2003,9,6,1.4,30.1,17.9
2003,9,7,1.5,28.9,17.9
2003,9,8,0,29.6,18
2003,9,9,3,30.2,18
2003,9,10,2.8,29.9,17.8
2003,9,11,4,28.3,17.9
2003,9,12,5.9,29,17.2
2003,9,13,17.2,28.4,17.7
2003,9,14,7.5,30.3,17.7
2003,9,15,7.3,28.4,18.6
2003,9,16,15,29,18.4
2003,9,17,13.5,28.9,18.3
2003,9,18,1.6,26.7,17.8
2003,9,19,7.8,29.3,18.8
2003,9,20,1.4,30,18.2
2003,9,21,5.3,30.9,18.2
2003,9,22,14.5,30.3,17.9
2003,9,23,7.4,27.8,18.3
2003,9,24,17.1,29,17.6
2003,9,25,1.2,30.3,18.2
2003,9,26,3.4,29.7,17.8
2003,9,27,12,29.4,17.6
2003,9,28,1.9,29.3,17.7
2003,9,29,7.7,26.5,18.6
2003,9,30,2,26.7,17.4
2003,10,1,1.1,26.1,18.2
2003,10,2,0.9,26.8,18
2003,10,3,12,27,18.6
2003,10,4,9.6,28,18.4
2003,10,5,29.6,26.4,18.2
2003,10,6,8.3,26.9,18.5
2003,10,7,7,26.9,18.3
2003,10,8,16.3,26.6,18.1
2003,10,9,0.6,28,17.3
2003,10,10,0.3,30.3,18.1
2003,10,11,4.3,29.5,17.8
2003,10,12,1,29.6,18.8
2003,10,13,11.2,31,18.4
2003,10,14,7.5,29.9,17.5
2003,10,15,15.3,27.7,17.7
2003,10,16,9.3,24.4,17.4
2003,10,17,21.5,25.5,18.1
2003,10,18,21.9,23.9,17.3
2003,10,19,4.3,24.3,17.7
2003,10,20,3,24.9,17.1
2003,10,21,1,24.1,17.4
2003,10,22,0.7,27.5,16.6
2003,10,23,1,28.9,18.1
2003,10,24,0,27.7,17.3
2003,10,25,0.6,29.4,17.6
2003,10,26,0,30.3,17.2
2003,10,27,0.4,28.6,18
2003,10,28,7.1,26.4,17.3
2003,10,29,0,27.3,17.8
2003,10,30,0,28.3,18
2003,10,31,0.6,27.3,17.5
2003,11,1,16.4,26.6,17.2
2003,11,2,3.6,25.2,17.6
2003,11,3,1.4,26.8,16.3
2003,11,4,0,28.7,15.1
2003,11,5,6.1,29,16.6
2003,11,6,13.2,26.4,17.6
2003,11,7,31.6,26.1,17.3
2003,11,8,31.9,24.8,17.5
2003,11,9,29.2,24.6,17.6
2003,11,10,14.5,25.4,17.3
2003,11,11,5.3,26.1,17.7
2003,11,12,11.6,24.4,17.6
2003,11,13,4.6,24.2,17.1
2003,11,14,3.9,24.9,16.7
2003,11,15,0,25.4,16.8
2003,11,16,0.3,26.5,16.9
2003,11,17,0.3,27.2,16.8
2003,11,18,8,26.6,17.3
2003,11,19,14.6,22.1,18.1
2003,11,20,3.9,23.2,16.1
2003,11,21,0,24.9,16.5
2003,11,22,0,26.8,15.9
2003,11,23,0.5,27.2,16.8
2003,11,24,0.9,26.5,16.5
2003,11,25,0.3,25.2,17.2
2003,11,26,0,29,16.9
2003,11,27,0,29.6,16.8
2003,11,28,6.6,24.9,16.6
2003,11,29,4.8,26.3,16.1
2003,11,30,5.2,25.2,16.9
2003,12,1,3,23.2,17.4
2003,12,2,0.6,24.5,15.5
2003,12,3,0.3,23.9,15.7
2003,12,4,2.7,22.9,13.9
2003,12,5,2.1,22.5,15.7
2003,12,6,5.1,22,15
2003,12,7,0.5,23.7,14.3
2003,12,8,0,24.7,13.9
2003,12,9,0,26.7,14.4
2003,12,10,0,24.5,13.9
2003,12,11,0,24.7,14.9
2003,12,12,0,27.2,15.2
2003,12,13,1.2,24.1,15.8
2003,12,14,5.9,21.1,14.9
2003,12,15,0,22.8,14
2003,12,16,7.3,23.3,15.5
2003,12,17,2.6,17.8,14.3
2003,12,18,2.2,18.7,14.6
2003,12,19,6,18.3,14.2
2003,12,20,0,20.6,13.8
2003,12,21,0.3,19.7,12.4
2003,12,22,0,22.4,14.3
2003,12,23,2,25.5,14.4
2003,12,24,0,23.1,14.1
2003,12,25,0,23.2,13.7
2003,12,26,0,26.7,14.1
2003,12,27,0,28.2,16.1
2003,12,28,0,28.8,15.7
2003,12,29,4.2,26.9,16
2003,12,30,7.1,21.9,16.3
2003,12,31,6,22.1,15.6
2004,1,1,7.6,24.7,15.4
2004,1,2,5.3,20.6,15.7
2004,1,3,3.1,22.3,16.9
2004,1,4,0,24.9,17.1
2004,1,5,4.7,23.5,14.4
2004,1,6,15.5,21.1,15.6
2004,1,7,14.1,24.6,16.5
2004,1,8,5,21.2,16.4
2004,1,9,11.5,20.6,16.8
2004,1,10,15.2,20.9,16.1
2004,1,11,1.9,18.2,15.7
2004,1,12,0.8,21.1,15
2004,1,13,6.2,20.9,15.7
2004,1,14,0,19.3,15.6
2004,1,15,0,20.3,15.2
2004,1,16,0,25.6,14.7
2004,1,17,0,29.5,14.7
2004,1,18,0,27.9,14.8
2004,1,19,2.4,25,15.3
2004,1,20,0,26.1,16.1
2004,1,21,0,28.2,15.8
2004,1,22,2.5,24.8,16.8
2004,1,23,0.3,21,16.4
2004,1,24,0,27.2,14.8
2004,1,25,0,25.8,14.4
2004,1,26,0,28.8,14.9
2004,1,27,1.1,22.8,15.5
2004,1,28,0.6,21.5,16.2
2004,1,29,0,24.2,15.2
2004,1,30,0,24.4,14.9
2004,1,31,2.8,25,14.7
2004,2,1,0,26.6,16.5
2004,2,2,0.1,28.1,15.5
2004,2,3,0,27.1,15.5
2004,2,4,0,25.9,16.8
2004,2,5,0,28,15.9
2004,2,6,1.1,25.2,16
2004,2,7,8.3,22.9,15.9
2004,2,8,1.4,22.5,15.8
2004,2,9,0,23.4,16.8
2004,2,10,0,25.2,16
2004,2,11,0,28.2,13.2
2004,2,12,1,26.3,15.5
2004,2,13,0,28,13.5
2004,2,14,4.1,26.5,16.5
2004,2,15,9,22.4,15.8
2004,2,16,7.3,20.3,16.8
2004,2,17,6,19,15.9
2004,2,18,0.6,20.6,15.2
2004,2,19,0,21.8,14
2004,2,20,0,30.3,14.3
2004,2,21,0,31.3,16
2004,2,22,0,32,15.7
2004,2,23,0,33.4,16.4
2004,2,24,0,32.2,17.1
2004,2,25,0.5,25.8,16.6
2004,2,26,0.8,19.3,14.9
2004,2,27,0,19,15.2
2004,2,28,0,20.5,13.2
2004,2,29,0,26.6,14.4
2004,3,1,0,31,15.1
2004,3,2,0,27.5,15.4
2004,3,3,0,28.7,15.4
2004,3,4,0,27.4,15.7
2004,3,5,0,26.1,15.9
2004,3,6,0,28.6,16.5
2004,3,7,0,26,15.7
2004,3,8,1,23.8,14.5
2004,3,9,0.6,22.4,15.1
2004,3,10,0.6,22.9,14.6
2004,3,11,0,25.2,14
2004,3,12,0,25.3,15.7
2004,3,13,0,28.1,15.6
2004,3,14,0.8,27.4,16.4
2004,3,15,0,30.5,15.7
2004,3,16,0,26.9,15.3
2004,3,17,0,27.1,16.9
2004,3,18,0,26.5,16.2
2004,3,19,0,29.6,16.8
2004,3,20,8.4,28.1,15.5
2004,3,21,2.2,23.4,15.9
2004,3,22,13.7,21.9,15.5
2004,3,23,16.4,20.6,16.6
2004,3,24,0.6,22.4,16.5
2004,3,25,0,26.6,16.2
2004,3,26,1.6,24.1,14.3
2004,3,27,0,25,15.1
2004,3,28,2.2,23.5,14.2
2004,3,29,12.2,25.4,15.9
2004,3,30,8.6,22.9,15.8
2004,3,31,10.5,20.2,15.5
2004,4,1,10.2,25,15.8
2004,4,2,4.9,26.1,16.7
2004,4,3,4.5,29.1,15.2
2004,4,4,2.1,28.4,16.2
2004,4,5,7.7,29.7,16.1
2004,4,6,0.6,29.2,15.7
2004,4,7,12.5,29,15.7
2004,4,8,4.1,28.5,15.7
2004,4,9,8.8,30.1,15.6
2004,4,10,0.7,29.7,16
2004,4,11,0,29.3,17.5
2004,4,12,13.7,27.4,16.5
2004,4,13,5.7,21.9,15.1
2004,4,14,4,24.3,14.1
2004,4,15,1.4,26.4,16
2004,4,16,0,29,15.2
2004,4,17,0,28.6,15.5
2004,4,18,0,26.7,15.9
2004,4,19,0,25.6,14.7
2004,4,20,0,30.5,14.7
2004,4,21,0,32,15
2004,4,22,0,30.6,16.3
2004,4,23,0.3,30.1,15.4
2004,4,24,1.5,31.1,16.6
2004,4,25,0,29,16.1
2004,4,26,7.6,30.1,17.1
2004,4,27,0.8,28.8,16.6
2004,4,28,0,30.5,17
2004,4,29,0,29.3,16.5
2004,4,30,0.4,24.3,16.8
2004,5,1,9.8,26.8,16.4
2004,5,2,5.1,23.7,16.5
2004,5,3,2.7,20.3,15.5
2004,5,4,1.3,21.6,16.5
2004,5,5,3.7,24.5,16.8
2004,5,6,4.1,24.3,16.6
2004,5,7,3,24.3,16.9
2004,5,8,1.5,25.2,17.9
2004,5,9,10.2,30,17.4
2004,5,10,0.3,29.9,17
2004,5,11,6.5,34.2,16.4
2004,5,12,2.2,30.9,18.2
2004,5,13,0,29,16.5
2004,5,14,5.8,26.7,17.6
2004,5,15,14.7,25,17.2
2004,5,16,15.1,20.7,16.2
2004,5,17,10,19.8,16
2004,5,18,7.2,23.5,16
2004,5,19,4.5,23.5,16.3
2004,5,20,5.2,23.8,17
2004,5,21,0.5,26.3,16.6
2004,5,22,0.6,26.2,16.6
2004,5,23,1.3,26.2,17
2004,5,24,0.6,27.7,17.5
2004,5,25,1.7,26.1,15.7
2004,5,26,2.3,27.1,16.2
2004,5,27,7,30.5,16.8
2004,5,28,0,32.7,17.3
2004,5,29,0,32.9,16.3
2004,5,30,0,32,16.7
2004,5,31,0.6,29.6,16.6
2004,6,1,34.2,27.7,17.4
2004,6,2,8,24.2,15.8
2004,6,3,7.9,23.2,15.6
2004,6,4,10.3,24,17.4
2004,6,5,0.3,22.6,17.9
2004,6,6,0,25.7,19.1
2004,6,7,0.2,24.8,17.5
2004,6,8,6.4,26.8,18.3
2004,6,9,22.1,27.5,17.7
2004,6,10,14.4,25.2,18.5
2004,6,11,11.3,26.2,18
2004,6,12,1.4,24.8,17.8
2004,6,13,6.7,27.3,18.5
2004,6,14,16.1,27.1,17
2004,6,15,3.4,29.6,18
2004,6,16,4.8,29.8,16.2
2004,6,17,0,29.8,17.3
2004,6,18,8,25.3,16.4
2004,6,19,0.4,26.9,17.6
2004,6,20,1.3,26.8,16.7
2004,6,21,0.4,25.1,16.6
2004,6,22,1.4,25.2,17.7
2004,6,23,1.6,29.2,16.8
2004,6,24,4.6,30.4,16.6
2004,6,25,0.3,25.9,18
2004,6,26,0,25.4,17.6
2004,6,27,0.6,21.2,17.7
2004,6,28,2,25.3,16.8
2004,6,29,5.2,27,17.3
2004,6,30,1.3,25.8,18
2004,7,1,0,27,16.3
2004,7,2,0,29.2,15.8
2004,7,3,0,27.7,17
2004,7,4,3,25,17.2
2004,7,5,6.8,25.2,16.9
2004,7,6,2.5,26.7,16.2
2004,7,7,8.6,23.3,16.4
2004,7,8,13.4,25.6,16.8
2004,7,9,36.3,21.2,17.2
2004,7,10,14.4,24.8,16.3
2004,7,11,4.6,24.1,16.4
2004,7,12,5,22.1,16.5
2004,7,13,1.7,23.6,16.3
2004,7,14,9.1,25.3,16.3
2004,7,15,0,25.2,15.7
2004,7,16,16.3,24.4,17.1
2004,7,17,8.9,23.8,17.2
2004,7,18,9.1,28.9,16.6
2004,7,19,0.7,28.1,17.5
2004,7,20,0.3,29.2,17.1
2004,7,21,0,25.4,16.6
2004,7,22,6.2,28.6,17.1
2004,7,23,0.7,30.7,18.2
2004,7,24,12.9,23.8,17.6
2004,7,25,14.9,28.2,17.2
2004,7,26,0,27.3,16.4
2004,7,27,0.6,27.5,16.4
2004,7,28,0,25.9,17.5
2004,7,29,3.1,27.3,16.5
2004,7,30,6.9,26.1,16.6
2004,7,31,1.4,24.5,17.6
2004,8,1,6.1,26.2,16.8
2004,8,2,4.2,27,17.4
2004,8,3,1.2,28.2,16.9
2004,8,4,0,29.9,17.3
2004,8,5,3,28,17.7
2004,8,6,0,29.9,16.5
2004,8,7,0.6,25.4,16.4
2004,8,8,0,28.2,16.8
2004,8,9,2.9,24.9,15.5
2004,8,10,0,27,16.8
2004,8,11,1.3,29.2,16.3
2004,8,12,0.8,25,16.7
2004,8,13,3.1,26.2,16.9
2004,8,14,10,26.2,17.8
2004,8,15,13.3,24.3,17.8
2004,8,16,15.4,24.4,16.7
2004,8,17,4,23.9,16.8
2004,8,18,0.7,25.2,17.2
2004,8,19,3.5,25.7,16.6
2004,8,20,0,26.5,17.2
2004,8,21,0.8,28.7,17.1
2004,8,22,0,24.3,17.7
2004,8,23,0,25.4,17.1
2004,8,24,2.9,27.8,17.2
2004,8,25,0,27.8,17.8
2004,8,26,0,28.7,17
2004,8,27,0,25.1,15.8
2004,8,28,1.5,29.3,17.5
2004,8,29,8.6,30.3,17.5
2004,8,30,3.2,27.8,17.2
2004,8,31,4,29.5,15.9
2004,9,1,3.8,30.2,17.1
2004,9,2,6.6,28.4,17.7
2004,9,3,7.9,31,18.7
2004,9,4,8.5,29.9,18.2
2004,9,5,9.3,31.3,18.1
2004,9,6,27.5,29.6,18.3
2004,9,7,8.9,29.6,17.7
2004,9,8,12.8,29.5,18.2
2004,9,9,3.5,28,17.5
2004,9,10,4.4,22.1,17.9
2004,9,11,4.2,30.8,16.6
2004,9,12,14.6,29.4,17
2004,9,13,1.9,31.6,16.8
2004,9,14,1.5,33.1,17.1
2004,9,15,6.8,30.4,17.9
2004,9,16,23.4,30.7,17.6
2004,9,17,6.2,30.2,18.2
2004,9,18,0,29.3,17.4
2004,9,19,14.1,27.6,17.9
2004,9,20,17,29.6,17.9
2004,9,21,8.4,29.1,18
2004,9,22,15.5,26.8,17.9
2004,9,23,22.8,29.6,17.4
2004,9,24,1.1,28.2,17.9
2004,9,25,0,29.7,17.8
2004,9,26,4.3,31.5,17.6
2004,9,27,16.2,29.4,18.6
2004,9,28,20.9,30,18.2
2004,9,29,11.2,30.4,18.2
2004,9,30,4.8,26.5,18
2004,10,1,0,29.3,17.5
2004,10,2,13.6,29.3,17.5
2004,10,3,14.2,27.8,17.3
2004,10,4,9.9,23.1,17.2
2004,10,5,5.1,25.4,18.5
2004,10,6,17.2,27.5,18
2004,10,7,1.5,27.5,17.9
2004,10,8,21.8,25.9,18.2
2004,10,9,24.6,27.2,18.6
2004,10,10,17.2,27.7,18.1
2004,10,11,18.6,27.5,18.9
2004,10,12,8.2,27.4,18.4
2004,10,13,6.1,26.9,18.4
2004,10,14,14.6,28,18.6
2004,10,15,1.6,26.6,18.5
2004,10,16,11.4,28.5,18.2
2004,10,17,8,28.6,18.3
2004,10,18,0,28.9,18
2004,10,19,0,31.7,17.7
2004,10,20,0,31.1,17.5
2004,10,21,0.8,31.4,15.9
2004,10,22,0,28.4,17.3
2004,10,23,0,30.2,16.6
2004,10,24,0,30.4,16.6
2004,10,25,0,28.6,16.9
2004,10,26,0.4,28.6,16.1
2004,10,27,3.1,27.6,16.3
2004,10,28,2,27.8,16.2
2004,10,29,2.3,27.6,17.6
2004,10,30,0,27.3,17.8
2004,10,31,2.5,25.6,16.4
2004,11,1,0,31.7,16.1
2004,11,2,0,30.5,16.9
2004,11,3,8.6,28.3,16.8
2004,11,4,70.6,25.7,16.6
2004,11,5,32.4,23.8,18.6
2004,11,6,6.8,22.9,16.9
2004,11,7,0.6,22.9,16.2
2004,11,8,0.3,24.1,12.8
2004,11,9,0.3,24.2,12.4
2004,11,10,0,21.9,11.6
2004,11,11,3.1,23.8,12.7
2004,11,12,2.6,22.9,14.9
2004,11,13,2.3,22,15.8
2004,11,14,3.2,23.9,16.1
2004,11,15,6.7,24.1,15.5
2004,11,16,3,21.1,16.2
2004,11,17,5.3,24.9,15.7
2004,11,18,0,24.6,15.9
2004,11,19,0,25.4,14.8
2004,11,20,0,25.2,15
2004,11,21,0,25.7,15.1
2004,11,22,0.6,24.7,14.1
2004,11,23,0,28,15.5
2004,11,24,4.7,25.4,14.5
2004,11,25,1.4,17.7,15.6
2004,11,26,0.5,21.4,16.8
2004,11,27,4.6,27.8,17.2
2004,11,28,0,27.1,16.5
2004,11,29,0,27.4,16.5
2004,11,30,2.3,26.9,14.4
2004,12,1,0,25.5,14.4
2004,12,2,0,25.7,15.8
2004,12,3,0,23,17.1
2004,12,4,2.9,24.1,16.3
2004,12,5,0,20.2,16.4
2004,12,6,0,26.9,16.4
2004,12,7,0,27.5,15.7
2004,12,8,0,26.9,15.6
2004,12,9,3.3,27.8,16.3
2004,12,10,12.1,23.6,16.8
2004,12,11,7.9,24.5,15.9
2004,12,12,0,24,15.8
2004,12,13,12.8,21,15.9
2004,12,14,0.8,21.1,15.4
2004,12,15,0.6,18.8,13.1
2004,12,16,0,21.5,13
2004,12,17,0.3,18.8,14.4
2004,12,18,0.3,20.9,15.5
2004,12,19,4.6,22.2,15.3
2004,12,20,2.3,20.9,15.8
2004,12,21,0,22.1,15.2
2004,12,22,0,27.3,15.4
2004,12,23,0,25.7,13.7
2004,12,24,0,27.2,14.3
2004,12,25,0.6,26.8,14.6
2004,12,26,1.1,23,13.8
2004,12,27,0,17,15.2
2004,12,28,0.2,17.6,12.2
2004,12,29,0.9,17,13.2
2004,12,30,0,22.3,15.1
2004,12,31,3.1,15.8,15
2005,1,1,0.6,23.9,15.1
2005,1,2,2.3,17,16.6
2005,1,3,3.1,24.7,15.3
2005,1,4,0,23.6,16.3
2005,1,5,0,21.8,12.8
2005,1,6,0,26.4,12.4
2005,1,7,2.2,23.8,16
2005,1,8,8.2,22.6,13.9
2005,1,9,5.2,22.3,14.4
2005,1,10,3.2,20.2,15.2
2005,1,11,0.7,23.1,14.7
2005,1,12,0,25,15.4
2005,1,13,0,29,14.8
2005,1,14,0,19.6,13.9
2005,1,15,1.1,22.3,15.1
2005,1,16,2.1,17.4,13.4
2005,1,17,0.8,14.5,12.4
2005,1,18,1.6,14.1,13.2
2005,1,19,0.2,17.8,14.4
2005,1,20,0,19.1,11.8
2005,1,21,0,19.7,12.9
2005,1,22,0,26.9,11
2005,1,23,0,24,13.3
2005,1,24,0,21.4,14.8
2005,1,25,0,23.8,15.7
2005,1,26,0,21.5,13.4
2005,1,27,0,26.1,13.3
2005,1,28,0,28.2,13.7
2005,1,29,0,23.9,16.1
2005,1,30,0,25.5,15
2005,1,31,1.9,26.8,14.6
2005,2,1,0,18.4,14.8
2005,2,2,1.3,24.3,15
2005,2,3,0,22.2,14.1
2005,2,4,1.4,24,16.4
2005,2,5,0.9,21.6,14.1
2005,2,6,0,25,16.4
2005,2,7,0,24,13.7
2005,2,8,0,30,10.8
2005,2,9,0,24,14
2005,2,10,0,27.9,14
2005,2,11,0,24.6,15.7
2005,2,12,0,25.6,14.5
2005,2,13,0,29.2,14.9
2005,2,14,0,25.7,15
2005,2,15,0,28.6,11.8
2005,2,16,0,28,15.1
2005,2,17,0,26.6,15.5
2005,2,18,0,26.7,15.6
2005,2,19,0,24,15.9
2005,2,20,0,27.3,14.8
2005,2,21,0,26.5,15
2005,2,22,0,29,16.7
2005,2,23,0,27.6,15.8
2005,2,24,0,31.3,15.2
2005,2,25,1.1,26.2,16.9
2005,2,26,0,31.3,16.7
2005,2,27,0,32.1,16.2
2005,2,28,0,30.8,16.6
2005,3,1,0,23.9,16.9
2005,3,2,0,26.3,17
2005,3,3,0,27.7,16.8
2005,3,4,1.1,22.5,16.6
2005,3,5,0,27.7,16.5
2005,3,6,1.4,27.7,16.9
2005,3,7,25.4,26.6,16.9
2005,3,8,8.7,27.2,16.8
2005,3,9,3.4,25.9,16.5
2005,3,10,0.6,25.1,16.2
2005,3,11,0.6,26.1,17.1
2005,3,12,0,25.9,16.7
2005,3,13,1.1,27,15.8
2005,3,14,0.6,29.7,15.4
2005,3,15,1.1,30.1,16
2005,3,16,9.6,29.6,17
2005,3,17,0,26.7,16
2005,3,18,0,27.1,16.5
2005,3,19,0,28.1,17.1
2005,3,20,0,30,16.3
2005,3,21,0,31.7,17.8
2005,3,22,0,31.9,16.7
2005,3,23,0,28.8,18.3
2005,3,24,0,29.9,17.8
2005,3,25,0,32.9,16.4
2005,3,26,6.5,32.7,18.1
2005,3,27,1.6,27.7,18.1
2005,3,28,0.5,29.2,15.2
2005,3,29,8.7,28.2,16.3
2005,3,30,7.4,32.2,16.8
2005,3,31,9.3,27,17.2
2005,4,1,21.1,27.5,16.9
2005,4,2,0,25.4,16.2
2005,4,3,0,28.5,16
2005,4,4,0,28.8,16.2
2005,4,5,0,30.9,15.9
2005,4,6,0,31,16.1
2005,4,7,0,31.8,17
2005,4,8,0,29.3,17.1
2005,4,9,0,29.6,16.4
2005,4,10,0,33.9,17
2005,4,11,19,28.8,17.6
2005,4,12,1.9,29.1,17.3
2005,4,13,0,24.5,17.8
2005,4,14,0,23.7,16.6
2005,4,15,0.9,26,16.9
2005,4,16,0.3,25.3,15.8
2005,4,17,0,24.3,15.2
2005,4,18,0,28,16.7
2005,4,19,0,30.4,15.1
2005,4,20,0,29.7,16.4
2005,4,21,0,30.3,16.3
2005,4,22,0,29.9,17
2005,4,23,1.9,30.1,17.1
2005,4,24,0,29.6,18.1
2005,4,25,4.4,31.8,18.2
2005,4,26,24.6,27,16.5
2005,4,27,0.6,26.8,18.1
2005,4,28,0,28.6,17.7
2005,4,29,0,28.5,17.8
2005,4,30,2.4,28.6,16.9
2005,5,1,0,29.9,17.3
2005,5,2,0,30.3,18.2
2005,5,3,1.4,28.1,18.4
2005,5,4,10.4,26.2,17.3
2005,5,5,8.7,28,17
2005,5,6,2.3,26.4,16.3
2005,5,7,0,29.9,17.5
2005,5,8,0.6,30,17.4
2005,5,9,7.2,31.2,17.4
2005,5,10,1.1,27.3,17
2005,5,11,2.6,33.2,16.7
2005,5,12,28.7,30,17.5
2005,5,13,6.8,28.6,17.6
2005,5,14,17.3,27.8,17.8
2005,5,15,0.8,29.7,17.8
2005,5,16,3.5,29.3,17.3
2005,5,17,1.1,27.6,17.4
2005,5,18,7.7,29.3,17.3
2005,5,19,0.3,25.8,17.5
2005,5,20,3.7,27.2,15.1
2005,5,21,8.3,28.8,17.9
2005,5,22,5.9,29.3,16.5
2005,5,23,1.1,30.5,17.6
2005,5,24,0,30.6,17.5
2005,5,25,0.3,32.1,16.3
2005,5,26,3.4,33.9,18.1
2005,5,27,0.5,31.3,17.4
2005,5,28,1.7,31.1,18
2005,5,29,3.3,28.4,18.1
2005,5,30,5.1,32.9,18.2
2005,5,31,5.5,28.4,17
2005,6,1,6,31.5,17.6
2005,6,2,0,31.1,17.6
2005,6,3,0,34.3,17.7
2005,6,4,15.1,34.1,17.6
2005,6,5,19.7,34,18.5
2005,6,6,10.6,31.4,18.2
2005,6,7,17.6,33.4,17.5
2005,6,8,0,33.1,18.2
2005,6,9,2.8,32.2,18.2
2005,6,10,0.2,32.7,17.3
2005,6,11,0,32.6,17.6
2005,6,12,6.7,31.6,17.4
2005,6,13,56.2,31.7,19.7
2005,6,14,28.8,30.6,18.6
2005,6,15,35.8,31,18.6
2005,6,16,11.3,27.7,19.3
2005,6,17,26,30.9,18.1
2005,6,18,15.9,26.8,19.2
2005,6,19,18.6,30.9,18
2005,6,20,42.4,28.6,18.8
2005,6,21,5,30.1,18.4
2005,6,22,7.8,30.2,19
2005,6,23,8.2,28.6,18.8
2005,6,24,15.8,27.7,18.9
2005,6,25,14.4,30.3,18
2005,6,26,19.5,26.8,17.5
2005,6,27,30.9,28.4,17.4
2005,6,28,14.1,28.6,18.5
2005,6,29,3.6,29.8,18.8
2005,6,30,4.3,28.3,17.9
2005,7,1,3.1,32,18.3
2005,7,2,5,29.7,16.2
2005,7,3,33.6,29.6,17.4
2005,7,4,30.2,26.4,17.5
2005,7,5,10.2,28.4,17.7
2005,7,6,2.9,28.8,18
2005,7,7,4.6,29,18.5
2005,7,8,5,30.4,18.2
2005,7,9,5.8,29.9,18.5
2005,7,10,31.6,30.1,18.6
2005,7,11,24.8,26.4,18
2005,7,12,9.7,27.3,17.7
2005,7,13,10.1,23.8,18.4
2005,7,14,18.1,23.2,17.7
2005,7,15,6,27.2,18.1
2005,7,16,5.3,25.4,17.8
2005,7,17,20.7,24.4,17.3
2005,7,18,6,25.8,17
2005,7,19,8.5,31.2,16.7
2005,7,20,5.6,25.5,18.8
2005,7,21,3.4,27.8,16.6
2005,7,22,7,25.6,17.5
2005,7,23,18.3,28.7,17.2
2005,7,24,1.6,28.5,17.3
2005,7,25,0.4,30.4,18
2005,7,26,3,30.7,17.6
2005,7,27,2,28.8,17.3
2005,7,28,3.5,28.8,17.3
2005,7,29,10.8,27.4,16.9
2005,7,30,8.1,26.5,16.8
2005,7,31,9.7,24.8,16.9
2005,8,1,7.9,31.1,17
2005,8,2,21.4,29.6,17.2
2005,8,3,8.7,29.8,17.6
2005,8,4,13.2,30.3,17
2005,8,5,3.1,31.3,17.8
2005,8,6,7.4,29.8,16.9
2005,8,7,0,29.7,17.6
2005,8,8,5.8,28.9,17.2
2005,8,9,9.7,27.7,17.2
2005,8,10,2.7,28.8,17.1
2005,8,11,7.3,29.7,17.7
2005,8,12,12.8,29.7,17.1
2005,8,13,14.4,29.6,16.9
2005,8,14,1.1,28.4,17.7
2005,8,15,12.9,28.8,17.8
2005,8,16,21.5,29.5,16.8
2005,8,17,7.3,27.8,17.3
2005,8,18,16.3,24.4,17.2
2005,8,19,7.2,29.2,17
2005,8,20,5.8,28.9,17.5
2005,8,21,19.4,30.3,16.8
2005,8,22,15.2,28.9,17.8
2005,8,23,7.6,28.6,17.1
2005,8,24,19.2,29.7,17.3
2005,8,25,6.7,30.2,18.5
2005,8,26,0,30.4,18
2005,8,27,3.5,30.3,17.5
2005,8,28,16.2,29.5,18
2005,8,29,4,31,17.4
2005,8,30,6.9,31.6,17.9
2005,8,31,4.9,26.9,18.2
2005,9,1,12.8,31.5,17.9
2005,9,2,4.3,29.9,18.3
2005,9,3,23.4,29.9,17.7
2005,9,4,5,29.8,17.4
2005,9,5,6.4,30.4,17.1
2005,9,6,21.8,29.5,17.8
2005,9,7,2.7,29.5,17.2
2005,9,8,0,30.6,17.8
2005,9,9,5.4,30.8,18
2005,9,10,13.8,30.6,17.8
2005,9,11,22.8,29.5,18
2005,9,12,3.7,29.7,17.2
2005,9,13,8.1,30.1,17
2005,9,14,3.7,30.8,17.6
2005,9,15,4.7,30.8,18.1
2005,9,16,8,29.8,17.7
2005,9,17,10.8,29.4,18.5
2005,9,18,19.3,29.6,17.9
2005,9,19,22.5,29.8,17.8
2005,9,20,26.5,29.3,18
2005,9,21,0,27.5,17
2005,9,22,2.4,30.6,16.6
2005,9,23,13.6,29.8,18.2
2005,9,24,2.5,29.9,18.1
2005,9,25,1,30.9,18.2
2005,9,26,22.4,29.5,17.8
2005,9,27,14.9,26,16.8
2005,9,28,28.4,27.8,17.5
2005,9,29,20.1,27.2,17.2
2005,9,30,11.3,30.9,16.6
2005,10,1,0.3,29,16.9
2005,10,2,0,33.1,17
2005,10,3,6.4,28.2,17.9
2005,10,4,14,29.4,17.3
2005,10,5,17.3,28.7,15.6
2005,10,6,8.7,28,16.2
2005,10,7,3.8,30.7,17.4
2005,10,8,1.4,30.9,18.6
2005,10,9,10.3,31,17.7
2005,10,10,0,31.7,17
2005,10,11,0,31.6,16.7
2005,10,12,0,29.1,16.5
2005,10,13,1,31.2,16.7
2005,10,14,3,29.5,17.1
2005,10,15,4.4,29.1,17.3
2005,10,16,1.4,26.9,16.6
2005,10,17,0,28.1,16.5
2005,10,18,0,29.8,15.5
2005,10,19,0,28.9,17
2005,10,20,0,31.7,15.7
2005,10,21,0,30.1,17
2005,10,22,7.9,27.4,16.6
2005,10,23,0,27.9,16.6
2005,10,24,1.9,27.6,14.7
2005,10,25,0,26.6,15.5
2005,10,26,0,25.8,15.7
2005,10,27,0,30.1,14.6
2005,10,28,3.8,28.6,14.7
2005,10,29,0.3,28.4,16.6
2005,10,30,0,27.7,16.1
2005,10,31,0,26.7,15
2005,11,1,2.2,25.7,14.9
2005,11,2,0.7,22.8,13.8
2005,11,3,0.5,25.6,14.7
2005,11,4,0.3,27.5,16.5
2005,11,5,0,28.3,15.4
2005,11,6,10.7,29,15.9
2005,11,7,11.7,25.8,15.4
2005,11,8,5.7,27.8,16
2005,11,9,13.1,24.5,15.9
2005,11,10,9.2,27.2,16
2005,11,11,4.8,28.4,15.3
2005,11,12,0.7,27.3,16.2
2005,11,13,2.3,29,14.1
2005,11,14,0.5,29.5,16
2005,11,15,0.3,28.3,16.8
2005,11,16,14.2,27.2,16.4
2005,11,17,5,25.3,16.8
2005,11,18,13.1,25.5,15.3
2005,11,19,0.6,26.1,15.4
2005,11,20,1.4,26.3,17.1
2005,11,21,1.1,25.2,16.6
2005,11,22,1.6,18.9,15.5
2005,11,23,0.3,24,13.7
2005,11,24,0,25.2,12
2005,11,25,0,27.3,12.3
2005,11,26,0,27.3,14.2
2005,11,27,0,26.5,16.1
2005,11,28,0,28.1,14.9
2005,11,29,0,27.6,16.2
2005,11,30,4.6,28.4,15.8
2005,12,1,2.7,29,12.9
2005,12,2,2.2,28.7,14.6
2005,12,3,0,28.2,15.6
2005,12,4,0,25.4,15.9
2005,12,5,0,28,16.5
2005,12,6,0,28.4,16.7
2005,12,7,0.7,22.6,14.9
2005,12,8,3,27.6,16.3
2005,12,9,9.7,25.3,16.2
2005,12,10,2.7,26.5,15.5
2005,12,11,1.3,26.8,16.3
2005,12,12,1.2,26.3,16.4
2005,12,13,1.2,25.6,16.9
2005,12,14,2.6,27.6,16.9
2005,12,15,2,28.2,17.9
2005,12,16,0,28.3,16.8
2005,12,17,0,29.1,15.9
2005,12,18,3.6,27.4,15.2
2005,12,19,4.8,29.1,15.9
2005,12,20,12.8,29.3,15.7
2005,12,21,2.6,25.9,15.8
2005,12,22,1.7,22.3,15.7
2005,12,23,1.7,27.7,16.3
2005,12,24,0,27.7,16.2
2005,12,25,0,25.6,15.9
2005,12,26,0,26.9,14.1
2005,12,27,0,24.3,12.2
2005,12,28,0,26.8,12.7
2005,12,29,0,28.7,13.1
2005,12,30,0,27.8,14.6
2005,12,31,1.5,23.9,14
2006,1,1,0,30.1,14.3
2006,1,2,0.9,30.6,14.5
2006,1,3,0,31,15.7
2006,1,4,0.3,30.6,15.1
2006,1,5,9.2,27.3,16.6
2006,1,6,6.8,26.2,15.5
2006,1,7,1.5,21.7,16.1
2006,1,8,0,21.5,14.9
2006,1,9,0,23.3,13.5
2006,1,10,0.8,28.9,12.4
2006,1,11,3.7,28.6,14
2006,1,12,2.6,25.6,14.9
2006,1,13,12.6,28.1,14.7
2006,1,14,6.6,27.9,13.9
2006,1,15,1,26.2,14.6
2006,1,16,0,27.2,14.1
2006,1,17,0.7,30.3,15
2006,1,18,0.3,25,13.6
2006,1,19,0,28.7,15
2006,1,20,0,30.5,14.8
2006,1,21,1.4,29.2,15.7
2006,1,22,3,27.7,13.7
2006,1,23,9.5,29.9,15.5
2006,1,24,11.2,27,15.2
2006,1,25,11.6,26.1,16.5
2006,1,26,7.9,23.7,17.4
2006,1,27,8,25.5,16.1
2006,1,28,1.4,29.4,15.1
2006,1,29,0,31.3,15.7
2006,1,30,0,30,15
2006,1,31,2.1,28.1,16.3
2006,2,1,0,30.5,15
2006,2,2,0,32.3,15.8
2006,2,3,1,29.6,15.7
2006,2,4,4.1,26.3,14
2006,2,5,0,24.9,12.5
2006,2,6,0.8,27.8,12.7
2006,2,7,2.8,22,14.7
2006,2,8,4.9,27.2,14.9
2006,2,9,0.6,26.6,14.5
2006,2,10,3.9,29.6,15
2006,2,11,7,19.6,14.5
2006,2,12,5.7,23.1,13.7
2006,2,13,1.1,20.1,13.4
2006,2,14,14.4,28.6,12
2006,2,15,0,26.7,12.4
2006,2,16,0.5,28.4,13.3
2006,2,17,0,29.8,13.3
2006,2,18,3.1,28.2,13.6
2006,2,19,0,29.7,14.1
2006,2,20,0,29.6,13.4
2006,2,21,0,31.2,13.1
2006,2,22,0,30.2,13.1
2006,2,23,0,28.4,14.3
2006,2,24,0.5,30.5,14.3
2006,2,25,0.8,26.6,14.6
2006,2,26,9.9,27.9,14.1
2006,2,27,7.3,28.8,14
2006,2,28,2.7,21.3,15
2006,3,1,0,30,15
2006,3,2,2.8,29.5,13.7
2006,3,3,6.5,30.8,14.6
2006,3,4,4.9,28,15
2006,3,5,4.6,28.3,14.9
2006,3,6,0,28.2,14.8
2006,3,7,0,30,14.6
2006,3,8,0,28.9,14.2
2006,3,9,0,31.7,13.7
2006,3,10,0,31.6,14.9
2006,3,11,0,32.1,14.6
2006,3,12,0,32.5,14.8
2006,3,13,1.4,28.5,15.5
2006,3,14,5.4,30.2,17
2006,3,15,0.6,25.3,15.2
2006,3,16,0,25.4,16.3
2006,3,17,0,27.7,15.3
2006,3,18,0,30.4,13.5
2006,3,19,0,32.7,13.9
2006,3,20,0,32.2,15.7
2006,3,21,1.1,29.5,14.8
2006,3,22,0.3,28.1,17.9
2006,3,23,5,29.7,16.5
2006,3,24,12.2,28.5,15.4
2006,3,25,1.5,20.6,15.2
2006,3,26,0.3,27.4,14.5
2006,3,27,0,29.5,14.9
2006,3,28,0,29.7,15.7
2006,3,29,0,27.7,15.6
2006,3,30,0,32.8,16
2006,3,31,0.4,26,16.9
2006,4,1,0,29,16.9
2006,4,2,0,27.8,16.8
2006,4,3,0,28.7,16.2
2006,4,4,0,26.6,15.1
2006,4,5,0,31,13.6
2006,4,6,0,31.2,12.4
2006,4,7,0,29.5,15.4
2006,4,8,4.9,29.1,15.5
2006,4,9,0,29.8,15.3
2006,4,10,0,29.3,15.7
2006,4,11,0,29.1,15.7
2006,4,12,1.4,24.6,15.8
2006,4,13,5.6,22.3,15.1
2006,4,14,4.1,24.6,14.2
2006,4,15,0,26.3,14.8
2006,4,16,0,29.1,14.3
2006,4,17,0,30.9,16
2006,4,18,4.1,31.1,16.3
2006,4,19,7.6,31,16.1
2006,4,20,1.7,28.8,16.6
2006,4,21,5.4,31.9,17.4
2006,4,22,11.4,27.4,17.4
2006,4,23,0.3,28.6,16.5
2006,4,24,0,29.4,16.9
2006,4,25,0,30.7,17.2
2006,4,26,0,30.5,16
2006,4,27,0,29.4,16.8
2006,4,28,0,30.7,16.6
2006,4,29,0,31.2,16.7
2006,4,30,0,30.8,16.6
2006,5,1,0,28.2,16
2006,5,2,0,27.3,16.7
2006,5,3,1.1,25.5,17.2
2006,5,4,3.9,27.2,15.6
2006,5,5,0,31.2,16.3
2006,5,6,3.5,31.6,16.5
2006,5,7,0,31.2,17
2006,5,8,0,32.6,15.7
2006,5,9,0,32.3,16
2006,5,10,0,32.3,16.5
2006,5,11,3.3,30,17.9
2006,5,12,3.9,31.2,16.7
2006,5,13,1.7,28.3,16.6
2006,5,14,19.8,32,17.9
2006,5,15,11.7,30.2,17.7
2006,5,16,12.2,27,15.2
2006,5,17,2.7,28.9,15.1
2006,5,18,0.6,29.4,15.8
2006,5,19,4.7,27.2,16.3
2006,5,20,6,30.5,16.1
2006,5,21,21.7,30.6,17.7
2006,5,22,1.8,28.1,16.5
2006,5,23,18.5,26.7,17.4
2006,5,24,30.2,27.4,15.5
2006,5,25,26.7,28.1,17.9
2006,5,26,17.6,28,17.3
2006,5,27,22.3,28.9,16.1
2006,5,28,11.8,28.8,18.1
2006,5,29,6.8,29.8,18.3
2006,5,30,5.4,30.7,17.3
2006,5,31,7.1,26.8,18.7
2006,6,1,17.3,28,17.7
2006,6,2,31.6,27.7,17.1
2006,6,3,13.2,28.8,18.7
2006,6,4,10.4,26.9,18
2006,6,5,11.3,24.5,18.2
2006,6,6,11,26.3,16.5
2006,6,7,14.6,28.4,17.2
2006,6,8,31.1,27.7,17.8
2006,6,9,6.1,25.5,18
2006,6,10,0,29.2,17.1
2006,6,11,4.6,29.3,17.1
2006,6,12,2.3,29.9,17.6
2006,6,13,0,26.9,18.2
2006,6,14,1.9,28.9,21.3
2006,6,15,0,26,18.1
2006,6,16,0,28.9,16.9
2006,6,17,0,30.2,18.6
2006,6,18,0,28.1,19.4
2006,6,19,0,29.5,17.3
2006,6,20,2.5,28.3,18.2
2006,6,21,1.8,27.2,17.8
2006,6,22,4.4,29,17.1
2006,6,23,3.8,28.3,18.5
2006,6,24,28.8,25.3,17.3
2006,6,25,12,25.4,15.7
2006,6,26,19.3,27.1,17.2
2006,6,27,24.9,27.4,18
2006,6,28,10,25.4,18
2006,6,29,5.9,28.4,16.4
2006,6,30,4.9,24.8,18.1
2006,7,1,0.3,29.1,17.4
2006,7,2,16.9,26.1,18
2006,7,3,10.2,28.2,16.7
2006,7,4,0,28.3,18.7
2006,7,5,0,29,18.3
2006,7,6,6.3,27.4,17.5
2006,7,7,9.9,28.8,17.7
2006,7,8,12.2,28,18.4
2006,7,9,3.3,27,17.9
2006,7,10,0.8,24.1,17
2006,7,11,10.5,28.1,15.3
2006,7,12,5.8,26.1,18.2
2006,7,13,7.4,26.9,16
2006,7,14,7,27.3,17.4
2006,7,15,14.7,26.3,18
2006,7,16,9.1,28.7,16.6
2006,7,17,15.9,25.5,18.5
2006,7,18,26.2,27.5,16.6
2006,7,19,25.7,27.6,18.7
2006,7,20,27.9,27.4,17.5
2006,7,21,18,28.9,17.6
2006,7,22,24.1,28.5,19.3
2006,7,23,13.4,27,18.8
2006,7,24,0,29.9,16.6
2006,7,25,0,27.1,18.2
2006,7,26,0,28.4,16.4
2006,7,27,0,29.5,17.8
2006,7,28,11.3,28.5,18.5
2006,7,29,10.3,27.9,17.5
2006,7,30,10.8,27.9,17.8
2006,7,31,9.7,29.5,18
2006,8,1,8.6,27.7,18
2006,8,2,14.2,29,17.8
2006,8,3,22.4,25.7,18.8
2006,8,4,15.6,25.5,16.5
2006,8,5,5.1,29,16
2006,8,6,0.2,27.4,18.2
2006,8,7,3.8,28.4,17.9
2006,8,8,16.8,25.6,16.8
2006,8,9,11.4,26.8,16.3
2006,8,10,1,28.1,16.4
2006,8,11,2.9,29,17.6
2006,8,12,0,28.1,17.4
2006,8,13,14,28.2,18
2006,8,14,1.4,28.7,17.5
2006,8,15,0,27.5,17.5
2006,8,16,0,29.7,17.2
2006,8,17,0,27.9,17.2
2006,8,18,14.9,29,17.3
2006,8,19,3.1,28.3,18.5
2006,8,20,15.1,27.7,17.5
2006,8,21,10.3,27.6,17.2
2006,8,22,7.9,24.9,18.2
2006,8,23,9.1,29.2,16.3
2006,8,24,0,29.4,18.4
2006,8,25,0,29.1,18.5
2006,8,26,0,28.4,18.5
2006,8,27,4,29.4,18.3
2006,8,28,8.9,25.6,18.9
2006,8,29,3.4,26.9,17.3
2006,8,30,11.1,27.3,17.7
2006,8,31,8.1,24.4,18.2
2006,9,1,10.8,27.8,18.1
2006,9,2,14.2,27.2,17.4
2006,9,3,21.5,25.6,17
2006,9,4,5.8,24.3,16.3
2006,9,5,0.8,24.9,17.5
2006,9,6,11.9,25.9,18.1
2006,9,7,8.6,24.8,18.8
2006,9,8,0.6,26.9,17.3
2006,9,9,0,25.2,17.1
2006,9,10,4.3,26.3,17.9
2006,9,11,19.1,23.9,18.1
2006,9,12,4.1,26.7,17.1
2006,9,13,11.2,26.1,18.2
2006,9,14,0.6,27.9,19.4
2006,9,15,8.1,28.3,17.5
2006,9,16,1,25.9,17.3
2006,9,17,1.4,25.7,17.6
2006,9,18,16,28,17.9
2006,9,19,4.3,25.7,18.5
2006,9,20,5,27.7,18.1
2006,9,21,2.2,25.4,17.4
2006,9,22,19.7,30.2,18.1
2006,9,23,8.6,29.8,18.1
2006,9,24,1.1,24.7,18.8
2006,9,25,5.6,24.4,18.3
2006,9,26,9.6,23.5,16.2
2006,9,27,3.8,25.4,17.5
2006,9,28,9.5,26.7,18.6
2006,9,29,6.6,24,18.5
2006,9,30,9.6,26.4,17.6
2006,10,1,17,24.4,17.6
2006,10,2,12.1,28.5,18.3
2006,10,3,46.7,26,16.9
2006,10,4,10.7,29,17.4
2006,10,5,14.2,31.1,16.3
2006,10,6,36.2,29,17.2
2006,10,7,15.6,28.3,16.8
2006,10,8,13,27.3,16.9
2006,10,9,3.3,29.4,16.9
2006,10,10,6.2,27.7,17.8
2006,10,11,18.5,26.1,16.7
2006,10,12,12.3,29.6,18
2006,10,13,2.9,30.5,17.8
2006,10,14,6.1,32.4,17.6
2006,10,15,0,30.9,17.2
2006,10,16,1.8,32.6,18.2
2006,10,17,0,33.1,18.2
2006,10,18,1.7,32.3,17.9
2006,10,19,1.1,31.3,18
2006,10,20,11.6,30.9,18.3
2006,10,21,12.8,30.3,17.4
2006,10,22,20.3,29.5,17.7
2006,10,23,5.1,29.3,17
2006,10,24,6.6,28.8,17.3
2006,10,25,0.5,30.7,16.7
2006,10,26,3.1,30.4,17.2
2006,10,27,10.2,27.2,16
2006,10,28,8.3,28.5,15.6
2006,10,29,2.7,27,15
2006,10,30,0.6,26.3,16
2006,10,31,3.4,28.1,15.6
2006,11,1,1.3,27.7,17.6
2006,11,2,13.2,29.7,17.7
2006,11,3,7.9,29.3,17.3
2006,11,4,17.3,28.7,17.2
2006,11,5,2.8,25.3,16.4
2006,11,6,0.3,31.4,16.1
2006,11,7,3.7,30.7,15
2006,11,8,0,29.7,16.3
2006,11,9,0.3,30,18.3
2006,11,10,0.8,30.6,17.4
2006,11,11,4.6,30.4,18.1
2006,11,12,3,27.5,19.1
2006,11,13,0,26.7,17.9
2006,11,14,1.7,28.3,16.4
2006,11,15,1,25,18.5
2006,11,16,3.2,22.5,16.6
2006,11,17,0.4,26.4,17
2006,11,18,3.3,25.5,17.7
2006,11,19,5,23.7,17.7
2006,11,20,10.6,22.8,16.1
2006,11,21,1.8,22.4,15.4
2006,11,22,0,20.2,15
2006,11,23,0.6,21.9,11.7
2006,11,24,0,18.6,11.6
2006,11,25,0,21.6,11.4
2006,11,26,0,23.3,13.4
2006,11,27,0,23.7,14.5
2006,11,28,0,25.4,15.8
2006,11,29,2.2,24.9,14.2
2006,11,30,4.5,26.3,14.8
2006,12,1,31,23.3,14.5
2006,12,2,14.1,21.5,16.7
2006,12,3,17.3,20.8,16
2006,12,4,15.5,20.8,15.1
2006,12,5,7.6,18.3,15.8
2006,12,6,0.6,21.4,14.5
2006,12,7,6.6,21.6,14.7
2006,12,8,4.6,20,15.1
2006,12,9,4.9,20.5,15
2006,12,10,2,20.5,15.3
2006,12,11,3.2,21.6,15.4
2006,12,12,4.1,22.2,15.9
2006,12,13,1.6,23,16.3
2006,12,14,2.5,22.1,16.8
2006,12,15,0,23.2,16.7
2006,12,16,0,22.7,16.4
2006,12,17,0,21.5,17.1
2006,12,18,8.1,24.5,16.5
2006,12,19,10.4,23.2,17.8
2006,12,20,0,24.5,16.8
2006,12,21,0.5,25.2,17
2006,12,22,4.5,23.7,16.9
2006,12,23,0,24.3,16
2006,12,24,0.3,23.3,16
2006,12,25,3,18.4,16
2006,12,26,1.8,19.6,15
2006,12,27,0,22.8,12.6
2006,12,28,0.9,24.7,12.6
2006,12,29,0,25.3,14.8
2006,12,30,0,23.5,15.9
2006,12,31,0.4,20.5,17.1
2007,1,1,10.6,22.8,14.7
2007,1,2,8.5,22.2,16.1
2007,1,3,4.4,22.8,14.2
2007,1,4,0,24.3,15.9
2007,1,5,0.3,24.1,15.8
2007,1,6,1.7,25.1,15.5
2007,1,7,6.7,22.9,17
2007,1,8,18.2,20.9,17.1
2007,1,9,16,18.3,16.4
2007,1,10,6.6,19.6,14.8
2007,1,11,1.1,22.4,16
2007,1,12,0.7,23.3,16.9
2007,1,13,0,24.9,17.1
2007,1,14,0,26.5,17.2
2007,1,15,2.6,24.3,15.4
2007,1,16,10.8,23.1,16.3
2007,1,17,15.3,21,16.2
2007,1,18,0.9,24.7,15.7
2007,1,19,2.3,24.1,16
2007,1,20,0,25,15.8
2007,1,21,0,25.8,15.5
2007,1,22,0.8,27.4,16.7
2007,1,23,0,23.6,16.3
2007,1,24,1.8,24,17.1
2007,1,25,1.1,22,16.7
2007,1,26,0.3,24.9,16.2
2007,1,27,0.6,25.9,16.8
2007,1,28,8.7,22.3,17.1
2007,1,29,0.6,21.4,15.7
2007,1,30,0,24.3,15.7
2007,1,31,0,26.5,16.5
2007,2,1,0,29.3,15.5
2007,2,2,0,29.8,15.7
2007,2,3,0.6,26.6,15.1
2007,2,4,1.7,26.7,17.2
2007,2,5,0.6,24.6,17
2007,2,6,1.9,26.2,17
2007,2,7,0,26.7,17.3
2007,2,8,0.3,27.5,17
2007,2,9,4.8,27.2,16.5
2007,2,10,0.6,25.7,17.4
2007,2,11,0.3,24.7,16.3
2007,2,12,0.3,28,14.4
2007,2,13,0,30.4,15.1
2007,2,14,0,28.7,17.2
2007,2,15,0.6,26.8,16.5
2007,2,16,2.8,24.4,16
2007,2,17,6.3,23.1,15.6
2007,2,18,0.9,19.8,15.2
2007,2,19,0,22.5,13.3
2007,2,20,0,27.1,15.4
2007,2,21,0,28.2,15.8
2007,2,22,0,24.8,16.1
2007,2,23,0,25.6,17.9
2007,2,24,0,30,14.1
2007,2,25,0,29.3,15.6
2007,2,26,0,29.5,16.5
2007,2,27,0,30.4,16.8
2007,2,28,0,30,17.8
2007,3,1,0.2,30.7,17.5
2007,3,2,0,30,16.3
2007,3,3,0,28.8,17.1
2007,3,4,12,23,17.4
2007,3,5,10.7,21.3,14.9
2007,3,6,3.4,19.6,14.2
2007,3,7,0.4,21.1,14.7
2007,3,8,0.1,25.1,15.2
2007,3,9,2,26.6,14.8
2007,3,10,3.5,26.2,15.8
2007,3,11,0,25.1,17.8
2007,3,12,0.3,27.5,16.1
2007,3,13,0,29.6,17.8
2007,3,14,0,29.4,17
2007,3,15,0,29,17
2007,3,16,0,27.6,15.1
2007,3,17,0.3,28.9,16
2007,3,18,0,28,17
2007,3,19,0,27.9,15.5
2007,3,20,0.9,28.1,15
2007,3,21,0.9,28,16
2007,3,22,1.7,26.9,17.3
2007,3,23,1.8,27.2,16.4
2007,3,24,0,27.6,17
2007,3,25,0,27.8,17.9
2007,3,26,0,30.1,18.5
2007,3,27,0,27.9,17.3
2007,3,28,0,27.1,16.8
2007,3,29,0,29.1,16
2007,3,30,0,29,18.3
2007,3,31,0,28.8,16.8
2007,4,1,0,30.5,18.5
2007,4,2,6,28,18.5
2007,4,3,0.6,27.9,16.3
2007,4,4,0,28.6,17.7
2007,4,5,0.3,31.1,16.7
2007,4,6,2.4,28.5,17.4
2007,4,7,0.6,27.7,16.8
2007,4,8,5.7,30.5,17.2
2007,4,9,0,31.5,19.1
2007,4,10,0,32.3,17
2007,4,11,0,34.4,19.7
2007,4,12,0,31.9,18.6
2007,4,13,25.2,34.1,17.7
2007,4,14,5.9,31.2,17.9
2007,4,15,0.6,26.7,16.7
2007,4,16,0,30.8,16.1
2007,4,17,0,30.3,18.9
2007,4,18,0,32.6,16.6
2007,4,19,0,30.9,18.3
2007,4,20,0,32.6,18.8
2007,4,21,3.4,31.6,19.7
2007,4,22,0,31.9,17.7
2007,4,23,0,30.6,17.6
2007,4,24,0,30.1,17
2007,4,25,0,34,16.4
2007,4,26,0,33.2,17.5
2007,4,27,0.7,32.3,18.7
2007,4,28,2.3,31.3,18.9
2007,4,29,0,29.3,19.2
2007,4,30,0,30.8,18.9
2007,5,1,0,32.2,17.2
2007,5,2,0,32.7,18.3
2007,5,3,2.7,33.5,18.6
2007,5,4,0,31.5,19.2
2007,5,5,0.6,34.1,18.3
2007,5,6,0,31.4,18.9
2007,5,7,3.7,29.8,18.4
2007,5,8,0,30,18
2007,5,9,0,32.1,18.6
2007,5,10,0,30.9,20
2007,5,11,0,32.9,19.1
2007,5,12,0,30.7,19.9
2007,5,13,0,31.5,17.7
2007,5,14,13.6,31.6,18.4
2007,5,15,3,28.7,19.4
2007,5,16,1.7,29.5,18.3
2007,5,17,0,32.9,21.2
2007,5,18,0,28.7,20
2007,5,19,0,31.7,17.6
2007,5,20,0,31.3,19.6
2007,5,21,0,32.6,19.6
2007,5,22,0,32.7,18.8
2007,5,23,0,31,19.6
2007,5,24,0,31,19.7
2007,5,25,4.8,29.7,17.4
2007,5,26,4.4,30,19.2
2007,5,27,12.9,29.3,19.2
2007,5,28,12,27.1,18.4
2007,5,29,58.2,29.4,17.6
2007,5,30,5.9,28.8,19.6
2007,5,31,0.3,28.7,20.3
2007,6,1,4.3,30.5,18.9
2007,6,2,11,30.4,19.9
2007,6,3,11.8,29.8,20.2
2007,6,4,9.2,31,18.4
2007,6,5,7.1,27.4,18.8
2007,6,6,4.6,30.6,19
2007,6,7,0,30.7,20.8
2007,6,8,7,29,18.9
2007,6,9,9.9,28.6,20.3
2007,6,10,11.2,27.8,19
2007,6,11,2.9,31.2,17.6
2007,6,12,7.1,31.3,19.1
2007,6,13,4.3,29,20.2
2007,6,14,11.8,31.8,18.3
2007,6,15,15.7,28.5,20.1
2007,6,16,25.5,30.2,19
2007,6,17,4.9,31.2,19.6
2007,6,18,0.5,29.3,19
2007,6,19,0,30.3,19.3
2007,6,20,1,29,20
2007,6,21,0,31.1,17.9
2007,6,22,1.1,29.2,17.8
2007,6,23,7.6,28.2,18.3
2007,6,24,9,29,17.9
2007,6,25,0.7,27.3,19.2
2007,6,26,3.8,27.8,17.8
2007,6,27,9.1,27.7,19.7
2007,6,28,8.4,30.2,18.1
2007,6,29,3.9,30.7,18.8
2007,6,30,4,26.8,19.3
2007,7,1,0.3,30.4,19
2007,7,2,4.2,29.7,20.3
2007,7,3,0.4,29.2,19
2007,7,4,0,29.6,18.5
2007,7,5,0,28.6,19.2
2007,7,6,0.5,28.7,17.9
2007,7,7,0,30.1,18.9
2007,7,8,0.4,29.7,18.6
2007,7,9,0,30.4,18.4
2007,7,10,0,29.4,19.4
2007,7,11,5.6,27.4,18.7
2007,7,12,0,29.2,17.7
2007,7,13,3.2,28.5,18
2007,7,14,2.2,28.1,19.4
2007,7,15,12.4,26.7,18.2
2007,7,16,23.7,28,16.9
2007,7,17,14.9,29.5,18.5
2007,7,18,1.8,30.7,17.4
2007,7,19,0,30.7,18
2007,7,20,0,31.1,17.7
2007,7,21,20.2,28.4,18
2007,7,22,11.8,28.2,16.8
2007,7,23,17,27.6,17
2007,7,24,18.2,28.7,16.4
2007,7,25,0,30.9,18.5
2007,7,26,3.9,29.8,17.5
2007,7,27,4.6,29.7,19
2007,7,28,3.4,30.9,16.7
2007,7,29,10.3,31.4,17
2007,7,30,0.6,30.7,18.3
2007,7,31,1.2,32.4,17.4
2007,8,1,1.8,31.6,16.9
2007,8,2,0,31.6,17.8
2007,8,3,5.3,31.4,17.2
2007,8,4,2.9,28.2,17
2007,8,5,24.8,28.1,17.3
2007,8,6,6.6,27.6,18.2
2007,8,7,2.6,29.3,15.3
2007,8,8,1.1,30.3,17.9
2007,8,9,0.6,29.2,18.5
2007,8,10,7.2,30.8,16.9
2007,8,11,3.9,29.4,18.9
2007,8,12,18.7,27,19.9
2007,8,13,24.9,26.8,17.5
2007,8,14,9.3,28.6,18
2007,8,15,38,29.1,19.7
2007,8,16,12.3,31.6,18.2
2007,8,17,1.8,30.4,19.5
2007,8,18,0.7,30.1,20.3
2007,8,19,1.8,31.9,16.9
2007,8,20,0,28.6,18.7
2007,8,21,1.3,24.7,18
2007,8,22,8.8,29.1,16.7
2007,8,23,22.2,32.6,19.8
2007,8,24,17.6,28.7,19.6
2007,8,25,26.8,29,18.9
2007,8,26,25.5,28.5,18.3
2007,8,27,16.7,30.1,17.9
2007,8,28,11.4,30.1,19.6
2007,8,29,24.4,29,18.2
2007,8,30,19.8,29.3,18.7
2007,8,31,20.5,30.4,18.1
2007,9,1,3.6,30,16.6
2007,9,2,2.5,29.2,18.3
2007,9,3,7.6,33.5,16.4
2007,9,4,0,29.8,19.4
2007,9,5,25.7,31.2,16.8
2007,9,6,5.9,26.8,19.7
2007,9,7,17.6,30.1,18.9
2007,9,8,9.8,25.4,19.2
2007,9,9,25.9,29.7,17
2007,9,10,0.8,28.7,19.7
2007,9,11,22,27.1,17.7
2007,9,12,15.7,32.1,18
2007,9,13,5.5,30.9,18.5
2007,9,14,10.1,27.1,16.8
2007,9,15,5.6,30.8,19.4
2007,9,16,6.6,25.9,17.3
2007,9,17,0,28.4,17.1
2007,9,18,0.4,27.1,18.7
2007,9,19,3.5,31.9,17.3
2007,9,20,0,29.2,16.7
2007,9,21,3.4,28,17.7
2007,9,22,12.9,28.3,19.6
2007,9,23,4.3,30.2,18.8
2007,9,24,30.9,31.2,18.3
2007,9,25,14,32.5,19.5
2007,9,26,30.2,32.4,19.2
2007,9,27,4.1,28.9,18.7
2007,9,28,6.5,31.4,18.7
2007,9,29,4.1,27.1,19.4
2007,9,30,8.6,29.4,18
2007,10,1,6,30,18.3
2007,10,2,0,30.1,16.6
2007,10,3,1.7,32,16.2
2007,10,4,3.1,32.8,16.5
2007,10,5,13.1,29.6,17.1
2007,10,6,3.2,29.5,17.8
2007,10,7,0,30.4,18
2007,10,8,2.9,29.2,17.4
2007,10,9,12.8,28.1,16.8
2007,10,10,49.9,26,19.9
2007,10,11,31.9,28.4,18.3
2007,10,12,4.3,26.3,18.9
2007,10,13,3.8,26.4,16.4
2007,10,14,0,32,17
2007,10,15,2.3,32.3,16.1
2007,10,16,43.5,32.4,19.3
2007,10,17,2,30.6,18.3
2007,10,18,5.7,31,19.2
2007,10,19,27.9,29.8,19.7
2007,10,20,9.3,29.1,19
2007,10,21,10.4,29.5,20.2
2007,10,22,11.6,31.6,19.2
2007,10,23,18.8,28.2,18.7
2007,10,24,4,23.1,16.1
2007,10,25,0.2,23.4,16.8
2007,10,26,0,27.5,13.8
2007,10,27,0,23.2,13.9
2007,10,28,9.6,30.1,12.1
2007,10,29,12.6,24.4,15.2
2007,10,30,0.9,23.4,16.8
2007,10,31,0.8,27.4,16.4
2007,11,1,0,24.9,19.1
2007,11,2,5.1,24.6,16.9
2007,11,3,0.5,24.3,15.2
2007,11,4,0,23.9,16.3
2007,11,5,0,23.9,14.4
2007,11,6,0,25.2,13.9
2007,11,7,0,24.7,14
2007,11,8,0,25.1,12.4
2007,11,9,0,27.6,12.1
2007,11,10,0,26.9,14.8
2007,11,11,0,26.8,13.7
2007,11,12,0,25.5,16.1
2007,11,13,7.8,25.3,17
2007,11,14,27.3,26.3,17.1
2007,11,15,5.9,25.3,18.7
2007,11,16,0,23.9,14.6
2007,11,17,0,28,12.8
2007,11,18,0,27.2,15.4
2007,11,19,9.3,25.5,16.9
2007,11,20,4,27.3,17.1
2007,11,21,1.8,25.6,18.3
2007,11,22,2.1,30.7,16.8
2007,11,23,4.8,28.4,17.3
2007,11,24,0,27.3,17
2007,11,25,0,31.9,16.5
2007,11,26,11,30.1,17.6
2007,11,27,19.2,23.6,16.9
2007,11,28,11.9,23.5,17.3
2007,11,29,0,23.9,18.4
2007,11,30,3.7,26.2,17.4
2007,12,1,0.3,25.3,16.2
2007,12,2,0.3,25.9,15.7
2007,12,3,5,25.3,16.8
2007,12,4,1.1,22.6,17.1
2007,12,5,0.8,26.3,14.2
2007,12,6,0.3,27.2,13.7
2007,12,7,0,30.8,14.3
2007,12,8,0,28.3,15
2007,12,9,1.7,26.2,15.6
2007,12,10,4.3,26.4,16.3
2007,12,11,0,26.7,15.7
2007,12,12,0,27,15.8
2007,12,13,2,26.7,16.5
2007,12,14,0,27.4,16.2
2007,12,15,2.3,28.2,14.9
2007,12,16,6.8,23.4,13.3
2007,12,17,0.6,23.9,13.4
2007,12,18,0,25.6,13.8
2007,12,19,0.6,25.2,12.9
2007,12,20,0.3,29.3,14.5
2007,12,21,0.3,28.3,14.6
2007,12,22,0,29.4,12.6
2007,12,23,0.4,26,12.4
2007,12,24,0,25.4,13.1
2007,12,25,0,25.7,13.6
2007,12,26,0,29.6,11.9
2007,12,27,0.3,29,14.1
2007,12,28,0.3,26.4,11.3
2007,12,29,0,28.1,12.9
2007,12,30,1.1,28,14.4
2007,12,31,4.3,26.5,15.7
2008,1,1,27.7,23,15
2008,1,2,14.6,17.2,14.9
2008,1,3,5.3,13.9,11.6
2008,1,4,0.7,17.9,11.4
2008,1,5,0.6,22.5,12
2008,1,6,0,23.1,13.9
2008,1,7,0,25,14.3
2008,1,8,0.3,27.6,12.9
2008,1,9,0,27.6,11.7
2008,1,10,0,28,13.4
2008,1,11,0,28,16.2
2008,1,12,0,27.9,16.4
2008,1,13,0,24.7,17.1
2008,1,14,0,25.7,13.8
2008,1,15,0,26.1,15
2008,1,16,0.3,29.2,13
2008,1,17,0.9,29.1,12.4
2008,1,18,0,27,15.5
2008,1,19,6.5,25.9,15
2008,1,20,3.5,22.4,14.3
2008,1,21,1.4,23.3,14.3
2008,1,22,2,24.5,15.8
2008,1,23,0,26.9,15.1
2008,1,24,0,25.4,15
2008,1,25,0,23.5,15.1
2008,1,26,3,25.6,15.5
2008,1,27,5.2,25.4,15.6
2008,1,28,0,24.3,15.2
2008,1,29,0,24.2,11.4
2008,1,30,0,24.2,11
2008,1,31,0,26.6,12.3
2008,2,1,0,24.9,13
2008,2,2,0.6,26.2,14.1
2008,2,3,0,28.6,11.4
2008,2,4,0,28.5,10.7
2008,2,5,0,28.8,11.8
2008,2,6,10.1,29.8,14.9
2008,2,7,1.1,25.9,15.2
2008,2,8,0.8,26.2,15.6
2008,2,9,0.8,26.4,16.3
2008,2,10,1.6,25.6,15.3
2008,2,11,1.9,27.5,16.3
2008,2,12,5.7,28,15.8
2008,2,13,11.9,27,16
2008,2,14,0,25.9,16.4
2008,2,15,0,27.5,14.5
2008,2,16,0,29.7,13.6
2008,2,17,0,31.7,16.4
2008,2,18,0,29.9,16.2
2008,2,19,0,29.2,16.2
2008,2,20,0,30.6,15.9
2008,2,21,0,31.3,15.8
2008,2,22,3.9,31.2,16.9
2008,2,23,0,28.8,16.3
2008,2,24,0.3,27.1,14.6
2008,2,25,3.7,28.8,15.4
2008,2,26,10.6,27.4,16.1
2008,2,27,10.4,23.5,16.7
2008,2,28,1.7,24.5,13.1
2008,2,29,1.4,24.5,14.5
2008,3,1,5,24.6,15.8
2008,3,2,2.3,26.8,15.3
2008,3,3,0.4,30.6,16.2
2008,3,4,0,29.7,16.5
2008,3,5,0,30.7,17.5
2008,3,6,0.3,31.2,16.4
2008,3,7,1.3,31.2,16.6
2008,3,8,0.5,23.1,15
2008,3,9,0,27,13.5
2008,3,10,0,30.9,14.1
2008,3,11,0,27.2,16.1
2008,3,12,0,26.7,17.3
2008,3,13,0,31.3,13.1
2008,3,14,0.7,32.8,16
2008,3,15,0,32.1,17.9
2008,3,16,0,32,15.6
2008,3,17,0,33,15.7
2008,3,18,0,32,18.2
2008,3,19,3.9,30,16.4
2008,3,20,0,22.8,15
2008,3,21,0,27.6,14.7
2008,3,22,0.6,28.6,13.2
2008,3,23,6.1,25.9,13.4
2008,3,24,14.5,19.9,14.9
2008,3,25,3.3,25.5,15
2008,3,26,0,27.4,16
2008,3,27,0,28.7,13.5
2008,3,28,2.9,30.8,16.8
2008,3,29,0.6,31.5,16.8
2008,3,30,0.3,31.2,17.3
2008,3,31,0,32.1,16.3
2008,4,1,0,34.3,15.7
2008,4,2,0,32.1,17.7
2008,4,3,0,31.2,17.6
2008,4,4,0,32.8,17.8
2008,4,5,6.9,32.9,17.4
2008,4,6,16.1,32.5,18.6
2008,4,7,4.2,31.7,16.3
2008,4,8,0.5,32.5,18
2008,4,9,0,33.5,14.7
2008,4,10,0,33.6,17.9
2008,4,11,4,32.5,16.9
2008,4,12,3.3,30.9,17.4
2008,4,13,30.8,25.9,18.3
2008,4,14,25.9,20.6,16.5
2008,4,15,3.7,22.2,14.9
2008,4,16,0,27.2,14.7
2008,4,17,0,28.9,16.4
2008,4,18,0,30.6,16.6
2008,4,19,2.3,29.4,17.4
2008,4,20,0,30.1,18.2
2008,4,21,1,32.7,17.5
2008,4,22,0,32.9,17.6
2008,4,23,0,31.8,16.8
2008,4,24,0,33,17.9
2008,4,25,0,33.2,17
2008,4,26,0,33.3,17.4
2008,4,27,0,32.2,17.6
2008,4,28,0,30.5,17.7
2008,4,29,16.6,30.1,17.6
2008,4,30,13.6,29.6,18
2008,5,1,22.3,31.9,17.4
2008,5,2,2.5,31.9,16.4
2008,5,3,16.4,30,16.6
2008,5,4,0,29.4,18.6
2008,5,5,0,30.7,17.2
2008,5,6,0,29.7,16.5
2008,5,7,0,31.3,15.1
2008,5,8,0,33,16.5
2008,5,9,0,32.5,17.2
2008,5,10,0,35.2,17.8
2008,5,11,0,33.4,16.9
2008,5,12,0,32.6,17.6
2008,5,13,0,33.1,18.9
2008,5,14,0,34.2,18.5
2008,5,15,0,36.5,17.7
2008,5,16,0,33.8,18.2
2008,5,17,0.7,31.2,18.4
2008,5,18,13.3,31.5,18.3
2008,5,19,28.5,31.1,18.7
2008,5,20,14.7,31.8,18.8
2008,5,21,11.1,31.2,18.5
2008,5,22,0,32.2,17.6
2008,5,23,0,34.6,18.4
2008,5,24,11.1,32.7,18.3
2008,5,25,29.8,32.9,18.3
2008,5,26,0,30.1,18.9
2008,5,27,5.5,30.2,17.6
2008,5,28,12.3,27.5,17.8
2008,5,29,14.8,26,17.6
2008,5,30,28.6,26.3,17
2008,5,31,40.1,25.2,17.3
2008,6,1,27,25.2,19.7
2008,6,2,31.8,24.6,18.5
2008,6,3,15.4,24.2,17.4
2008,6,4,11.5,28.7,17.9
2008,6,5,7.1,28.1,18.3
2008,6,6,44.9,27.3,18.7
2008,6,7,18.6,26.2,19.1
2008,6,8,14.1,26,18.4
2008,6,9,7,24.9,18.5
2008,6,10,7.5,27.5,18.8
2008,6,11,13.4,30.5,19.5
2008,6,12,22.9,30.3,18.6
2008,6,13,20.7,29.6,18.6
2008,6,14,9.1,30.5,18.2
2008,6,15,0.3,31,18.8
2008,6,16,0,31.7,17.3
2008,6,17,0.1,31.4,19.2
2008,6,18,11.2,29.9,18.7
2008,6,19,7.7,30.9,17.5
2008,6,20,12.2,30.9,18.3
2008,6,21,0.6,29.9,18
2008,6,22,4.7,28.5,17.6
2008,6,23,8.9,27.1,17.8
2008,6,24,10.8,25.7,16.5
2008,6,25,8.8,26.5,16.2
2008,6,26,3.3,28.9,17.8
2008,6,27,19.2,28.2,17.9
2008,6,28,5.3,26.8,18
2008,6,29,5.2,27,17.9
2008,6,30,9.6,27.9,18.2
2008,7,1,9.1,26.7,17.8
2008,7,2,5.1,27.7,17
2008,7,3,3.5,28.3,17.6
2008,7,4,14,26.7,18.7
2008,7,5,17.8,28.3,18.1
2008,7,6,15.1,27,19
2008,7,7,26.4,28.2,17.6
2008,7,8,2.9,28.8,17.8
2008,7,9,3,28.9,17.9
2008,7,10,5.8,26.7,18.6
2008,7,11,5,26.2,17.4
2008,7,12,7.1,27.7,17.9
2008,7,13,11.7,28.9,18.9
2008,7,14,15.6,28.3,18.5
2008,7,15,0.7,27.9,18.3
2008,7,16,2.7,29.1,18.1
2008,7,17,4,27.8,17.6
2008,7,18,26.7,28.2,16.6
2008,7,19,30.7,25.7,18.3
2008,7,20,21.3,26.8,18.5
2008,7,21,17.4,27,18.5
2008,7,22,14.5,28.5,17.8
2008,7,23,18.5,29.7,17.6
2008,7,24,1.1,28.3,16.2
2008,7,25,0.6,27.5,17.2
2008,7,26,2.7,28.4,16.9
2008,7,27,0,28.9,18.2
2008,7,28,1.1,30.3,17.2
2008,7,29,13.9,30.1,17.5
2008,7,30,3.4,30.8,17.4
2008,7,31,3,31.4,17.2
2008,8,1,23.9,29.9,17.9
2008,8,2,7.8,29.6,17.7
2008,8,3,7.4,30.3,17.2
2008,8,4,3.8,28.7,18.8
2008,8,5,10.9,27.2,18.2
2008,8,6,6.6,26,18.1
2008,8,7,3.6,28.2,18.3
2008,8,8,5.4,28.4,17.5
2008,8,9,2.5,26.9,18.2
2008,8,10,0,28.4,17.9
2008,8,11,0.6,29,17.8
2008,8,12,0.7,30.8,17.6
2008,8,13,0.7,30.6,17.5
2008,8,14,5.9,30.8,17.5
2008,8,15,12.4,28.2,18.4
2008,8,16,3.7,29.4,17.1
2008,8,17,1.7,30.1,17.9
2008,8,18,5.5,31.3,16.5
2008,8,19,4.7,30.3,15.1
2008,8,20,4,32.3,17.7
2008,8,21,10.6,30.2,16.6
2008,8,22,0,32.7,17.8
2008,8,23,0,30.1,17
2008,8,24,0,30.6,16.6
2008,8,25,19.1,30.6,16.2
2008,8,26,34.8,30.4,16.4
2008,8,27,13.4,30.6,18.7
2008,8,28,40.5,29.8,17.6
2008,8,29,0.2,28.7,17.6
2008,8,30,1.9,29.1,16.7
2008,8,31,0.4,29.7,17
2008,9,1,7.4,29.6,18.7
2008,9,2,8.7,28.8,19.3
2008,9,3,7.3,30.5,18.4
2008,9,4,24.3,29.8,18.4
2008,9,5,18.6,26.6,18.9
2008,9,6,4.6,28.2,20
2008,9,7,37.4,28.7,19.6
2008,9,8,10.4,30.1,18
2008,9,9,13.1,30.3,18.6
2008,9,10,1.9,29.1,17.4
2008,9,11,15.2,30.8,18
2008,9,12,9.2,31.9,17.8
2008,9,13,4.4,31.7,18.1
2008,9,14,18.4,30.7,17.3
2008,9,15,14.1,29.3,17.1
2008,9,16,14.9,29,18.1
2008,9,17,9.8,26.2,18.2
2008,9,18,32.4,26.4,18.3
2008,9,19,24.3,26.2,17.4
2008,9,20,9.1,26.7,17.1
2008,9,21,29.7,30.2,16.3
2008,9,22,23.3,27.5,17
2008,9,23,15.9,26.6,18.6
2008,9,24,19,29.8,19.3
2008,9,25,6,27.9,19.3
2008,9,26,40.6,25,18.4
2008,9,27,8.4,25.5,19.1
2008,9,28,13.9,23.9,18.4
2008,9,29,2.9,24.1,17.8
2008,9,30,0.2,26,17.6
2008,10,1,0,24.8,17
2008,10,2,2.9,26.3,17.4
2008,10,3,8.1,25.5,17.8
2008,10,4,0,25.7,18.1
2008,10,5,10.5,26.3,17.3
2008,10,6,7.9,28.1,18
2008,10,7,13.5,27.2,17.7
2008,10,8,25.8,25.7,17.9
2008,10,9,9.6,26.8,18.4
2008,10,10,7.2,27,17.2
2008,10,11,7.2,27.2,17.7
2008,10,12,16.1,27.7,18.4
2008,10,13,6.3,26,17.2
2008,10,14,5.3,25.4,17.6
2008,10,15,8.7,25.4,18.4
2008,10,16,7.4,24.7,18.5
2008,10,17,22.3,22.3,17.5
2008,10,18,28.9,20.7,16.7
2008,10,19,2.6,25.5,17
2008,10,20,5.6,23.9,16.7
2008,10,21,0.4,23.9,16.5
2008,10,22,0,24.3,17.6
2008,10,23,0.5,22.9,17.3
2008,10,24,0,23.8,17.3
2008,10,25,0,25.8,17.6
2008,10,26,4.7,25.4,16.3
2008,10,27,14.3,22.4,16.8
2008,10,28,5.3,21.7,15.4
2008,10,29,0,22.5,14.9
2008,10,30,1.5,18.8,12.6
2008,10,31,0,20.7,14.8
2008,11,1,0,22.4,14.6
2008,11,2,0,23.7,14.4
2008,11,3,0,23.7,11.9
2008,11,4,0,25.5,13.1
2008,11,5,0,26.5,12.5
2008,11,6,0,28.5,13.7
2008,11,7,0,27.4,12.6
2008,11,8,0,25.4,15
2008,11,9,0,25.5,14.3
2008,11,10,0,27.7,14.7
2008,11,11,0,29,13.5
2008,11,12,0,29.8,13.4
2008,11,13,0,29.7,15.7
2008,11,14,3.7,28.7,16.2
2008,11,15,18.8,25.5,15.1
2008,11,16,7.4,19.3,13.8
2008,11,17,4.7,18.7,14.2
2008,11,18,3.6,17.4,14.4
2008,11,19,1.7,19.9,13.8
2008,11,20,0,21,12
2008,11,21,0,22.4,13.8
2008,11,22,2.3,18.4,11.8
2008,11,23,1.6,20,12.7
2008,11,24,2.8,20.3,13.3
2008,11,25,5.4,19.2,14.5
2008,11,26,0.3,21,12.7
2008,11,27,0.3,25.3,11.5
2008,11,28,0,26.8,10.5
2008,11,29,0,27.5,13
2008,11,30,0,26.2,14.9
2008,12,1,8.1,20,15.5
2008,12,2,0.3,19.5,12.8
2008,12,3,0,24,12.4
2008,12,4,2.8,26.1,13.6
2008,12,5,1.6,23.1,15
2008,12,6,0,23.5,15.3
2008,12,7,0.3,22.1,13.2
2008,12,8,0,24.8,15.4
2008,12,9,0,27.6,15.2
2008,12,10,0.2,29.6,15.5
2008,12,11,0.9,18.9,15.1
2008,12,12,0.5,17.9,13.6
2008,12,13,0,22.4,13
2008,12,14,0,27.2,13.7
2008,12,15,0,29.3,12.6
2008,12,16,0.4,26.4,13.3
2008,12,17,1.7,27,16.2
2008,12,18,0,27.1,16.1
2008,12,19,0,25.5,16.8
2008,12,20,0,27.2,12.2
2008,12,21,0,27.5,12.3
2008,12,22,8.2,24.5,13.7
2008,12,23,0,22.7,15.3
2008,12,24,0,28,13.3
2008,12,25,2,26.1,14.2
2008,12,26,0,24.8,14.9
2008,12,27,0,27.4,16.5
2008,12,28,2.4,25.8,15.8
2008,12,29,3.7,22.3,16.4
2008,12,30,1.8,23,15.4
2008,12,31,0.5,23.8,16
2009,1,1,0,24.2,13.1
2009,1,2,0,25.7,11.7
2009,1,3,0.3,26.3,13
2009,1,4,0.3,29.9,13.1
2009,1,5,0,28.8,12.8
2009,1,6,0,29,13
2009,1,7,0,29,13.8
2009,1,8,0,28,13.6
2009,1,9,0,27.4,12.7
2009,1,10,0,26.1,14.7
2009,1,11,1.8,25,14.5
2009,1,12,0,24.3,15
2009,1,13,9,22.6,15.3
2009,1,14,2,18.9,14.5
2009,1,15,12.3,20.3,15.2
2009,1,16,8.3,19,14.8
2009,1,17,2.2,19.9,13.9
2009,1,18,0.5,21.8,14
2009,1,19,0,24.2,14.9
2009,1,20,0,23.1,12
2009,1,21,0,20.7,10.2
2009,1,22,0,23.5,9.4
2009,1,23,0,24,10
2009,1,24,0,26.1,10.6
2009,1,25,0.6,21.1,13
2009,1,26,0.5,26.4,12.2
2009,1,27,0,26.9,12.6
2009,1,28,0,27.7,13.4
2009,1,29,0,25.9,14.9
2009,1,30,16.3,24.7,13.1
2009,1,31,9.9,22,14.9
2009,2,1,0,25.6,15.6
2009,2,2,14.8,27.2,15.5
2009,2,3,9.7,19.7,16.3
2009,2,4,5.3,19.5,13.6
2009,2,5,1.9,20.1,12.4
2009,2,6,1,18.9,11.5
2009,2,7,0.4,22.2,12
2009,2,8,0,23.5,13.4
2009,2,9,0,27.9,13.5
2009,2,10,0,28,13.2
2009,2,11,1.3,28.5,12.8
2009,2,12,4.2,26.7,14.8
2009,2,13,0,27.8,14.4
2009,2,14,0,27.5,15.8
2009,2,15,0,28.5,15.6
2009,2,16,0,27.7,15.8
2009,2,17,0.4,26.7,13.7
2009,2,18,0.6,27.7,12.4
2009,2,19,0,30.4,12.4
2009,2,20,0,23.7,12.9
2009,2,21,0,25.6,12.8
2009,2,22,0.6,23.5,11.1
2009,2,23,0.6,22.7,13.9
2009,2,24,2.6,20.8,14
2009,2,25,0,26.4,14.4
2009,2,26,0,26.2,14.1
2009,2,27,0,29.1,13.7
2009,2,28,0.4,29,12.8
2009,3,1,16.4,19.7,15
2009,3,2,0.6,16.8,12.8
2009,3,3,0,21.9,12.8
2009,3,4,0,25,10.3
2009,3,5,0,23.6,11.4
2009,3,6,0,26.7,12.8
2009,3,7,0,27.9,14
2009,3,8,0,27.2,15.4
2009,3,9,0,27.9,13.6
2009,3,10,0,29.3,11.3
2009,3,11,0,28.4,14.6
2009,3,12,0,29.2,13.4
2009,3,13,0,28.5,11.8
2009,3,14,0,29.8,13.7
2009,3,15,0,26.6,14.7
2009,3,16,0.6,26.4,13.2
2009,3,17,5.4,26.6,14.1
2009,3,18,2.2,26.9,15.8
2009,3,19,1.1,25.5,17.3
2009,3,20,2.9,23.7,15.9
2009,3,21,0,24.3,13.5
2009,3,22,0,25.8,13.4
2009,3,23,0,28.8,14.5
2009,3,24,0,30.6,14.6
2009,3,25,3.1,32.5,15.3
2009,3,26,0,31.6,16.4
2009,3,27,0,32.8,15.7
2009,3,28,0,34.1,15.9
2009,3,29,0,30.7,15.2
2009,3,30,0,32.9,15.5
2009,3,31,0,35.8,17.6
2009,4,1,0,35.1,18.5
2009,4,2,0,36.4,17.8
2009,4,3,0,34,18
2009,4,4,0,35.7,16.5
2009,4,5,1.8,34.5,17.8
2009,4,6,8.9,30.1,16.7
2009,4,7,1.2,22.9,15.2
2009,4,8,0,28.5,15.3
2009,4,9,0,34.1,15.6
2009,4,10,0,35.9,17.3
2009,4,11,0,33.8,15.7
2009,4,12,0,35.6,16.9
2009,4,13,11.7,35.4,18.2
2009,4,14,0,32.8,17.3
2009,4,15,0,34,17.2
2009,4,16,0,32.9,15.4
2009,4,17,0,32.8,17.4
2009,4,18,0,33.1,18
2009,4,19,0,31.3,17.3
2009,4,20,7.5,29.6,18.4
2009,4,21,0.4,25.7,16.4
2009,4,22,1.9,26.4,17.1
2009,4,23,1.4,31.2,16.5
2009,4,24,0,31.2,17.5
2009,4,25,0.7,30.6,18.7
2009,4,26,0.6,29,16.3
2009,4,27,0,30.4,17.2
2009,4,28,0,31.2,18.2
2009,4,29,0,29.8,18.8
2009,4,30,0,32.3,16.9
2009,5,1,18.8,32,18.3
2009,5,2,0.9,30.4,16.6
2009,5,3,4.7,33.3,17.2
2009,5,4,30.1,33.1,16.9
2009,5,5,0.3,32.2,19.1
2009,5,6,0.5,32.1,18.1
2009,5,7,1.4,32.2,18.8
2009,5,8,10.6,31.9,19.2
2009,5,9,13.5,31.6,19
2009,5,10,6,29.9,17.9
2009,5,11,7.2,29,18.8
2009,5,12,2.5,29.5,18.6
2009,5,13,0,32,17.7
2009,5,14,12,32.2,19.7
2009,5,15,7.1,29.3,19
2009,5,16,10.5,28.8,17.8
2009,5,17,31.7,28.3,18.9
2009,5,18,2.1,25.9,17.7
2009,5,19,0.6,28,17.5
2009,5,20,2.5,29.4,18.5
2009,5,21,18.1,28.6,19.4
2009,5,22,1.8,28.8,17.9
2009,5,23,11.2,30.1,19.4
2009,5,24,1.9,31.5,18.5
2009,5,25,3,31.1,18.2
2009,5,26,3.2,34.2,18.2
2009,5,27,0,33.4,18.9
2009,5,28,1.4,33.2,17.4
2009,5,29,0.6,31.4,18.6
2009,5,30,0.6,30.9,19.4
2009,5,31,0,30.9,18.8
2009,6,1,14.2,31.5,17.9
2009,6,2,6.3,30.8,20
2009,6,3,4.1,29.7,18.5
2009,6,4,8.9,29.3,19.1
2009,6,5,3,28.1,18.1
2009,6,6,5.5,30.1,19
2009,6,7,4.8,30.9,19.4
2009,6,8,3.1,31.1,18.3
2009,6,9,0,31.1,18.1
2009,6,10,0,30.3,18
2009,6,11,0.4,30.9,17.9
2009,6,12,1.1,33.3,17.7
2009,6,13,10.3,31.4,17.2
2009,6,14,8.7,31.7,16.7
2009,6,15,20.7,30.7,19
2009,6,16,5,29.5,19.1
2009,6,17,21.3,29.1,19.7
2009,6,18,26.9,26.9,19
2009,6,19,7.8,28.8,18.9
2009,6,20,5.4,27.5,19.4
2009,6,21,17.8,25.4,19.5
2009,6,22,6.1,28.4,17.8
2009,6,23,15.1,30.6,18.9
2009,6,24,3.4,30.3,19
2009,6,25,14.5,30.4,18.8
2009,6,26,1.8,30.6,18.6
2009,6,27,8.8,30.2,18.5
2009,6,28,7.2,31.2,19
2009,6,29,17.3,29.8,18.8
2009,6,30,6.2,28.9,18.3
2009,7,1,10.3,28.8,17.2
2009,7,2,10.2,29.8,18.4
2009,7,3,13.4,29.3,18.4
2009,7,4,0,29.8,18.3
2009,7,5,0,31.1,18.2
2009,7,6,0,30.6,18.3
2009,7,7,0,30.3,16.9
2009,7,8,12.1,31.1,17.6
2009,7,9,19.5,27.9,19.7
2009,7,10,1.9,29,18.3
2009,7,11,2.5,28.3,19
2009,7,12,5.8,26.4,17.7
2009,7,13,10.7,26.8,18.3
2009,7,14,0,29.9,19.2
2009,7,15,0,29.1,16.9
2009,7,16,0.2,29,17.7
2009,7,17,0.6,28,18.1
2009,7,18,12.9,29.3,17.9
2009,7,19,0.7,29.6,18.5
2009,7,20,0,29.8,18.5
2009,7,21,0,31.4,17.4
2009,7,22,0,31.1,17.8
2009,7,23,9.6,31.3,18
2009,7,24,3.7,30.4,19.2
2009,7,25,11.4,28.5,19.6
2009,7,26,5.7,26,19.4
2009,7,27,1.4,29.1,17.9
2009,7,28,0,30.1,17.8
2009,7,29,0,32.2,17.4
2009,7,30,3.2,30.2,19.1
2009,7,31,0.7,30.4,19.2
2009,8,1,8.7,29,17.7
2009,8,2,4.7,27.4,18.2
2009,8,3,0.6,28.3,17.3
2009,8,4,1.5,28.5,17.9
2009,8,5,0,30.1,17.4
2009,8,6,10.5,30.7,18.5
2009,8,7,12.4,28.9,19.5
2009,8,8,5.5,29.5,19.2
2009,8,9,1.7,30.1,18.8
2009,8,10,0,29.4,18.8
2009,8,11,0.8,28.5,18.1
2009,8,12,8,28.8,17.1
2009,8,13,0.3,29.1,18.8
2009,8,14,1.5,30.2,18.1
2009,8,15,1,30.3,19.1
2009,8,16,8.6,31.2,17.6
2009,8,17,21.5,28.5,17.9
2009,8,18,9.5,28.3,19.4
2009,8,19,2.3,28.8,20.2
2009,8,20,13.5,30.1,19.6
2009,8,21,0,29.6,18.7
2009,8,22,2.8,29.4,18.9
2009,8,23,8.1,30.2,18.4
2009,8,24,12.2,29.5,19.9
2009,8,25,8.8,28.7,19.2
2009,8,26,21.3,28.5,17.3
2009,8,27,21.6,29.2,18.8
2009,8,28,9.2,30.7,19
2009,8,29,1.8,31.3,18.5
2009,8,30,0,30.8,18.4
2009,8,31,0,29.4,18.9
2009,9,1,1,29.3,18.1
2009,9,2,6.7,29.6,18.8
2009,9,3,3.9,29.5,18.6
2009,9,4,1.4,30.9,18.9
2009,9,5,1.6,31,18.5
2009,9,6,9.5,31.2,19.4
2009,9,7,32.2,30.7,20.2
2009,9,8,23.5,31.1,19.4
2009,9,9,0.2,32.1,19.5
2009,9,10,2.1,31.8,19.2
2009,9,11,15.5,30.8,19.1
2009,9,12,7.9,31.4,18.9
2009,9,13,7.2,32,18.8
2009,9,14,15.1,31.2,19.8
2009,9,15,7.5,31.2,18.2
2009,9,16,0,30.4,17.2
2009,9,17,1.2,31.5,18.5
2009,9,18,24,29.5,19.9
2009,9,19,32.4,29,17.4
2009,9,20,16.4,28.6,19.1
2009,9,21,23.1,29.6,18.4
2009,9,22,22.8,29.5,19.9
2009,9,23,21.5,28.5,18.3
2009,9,24,25.8,26.4,18.1
2009,9,25,8.9,29,19.5
2009,9,26,19.6,27.3,20.2
2009,9,27,0,29,19.7
2009,9,28,0,28.9,18
2009,9,29,1.1,28.1,18.2
2009,9,30,4.9,27.1,18.6
2009,10,1,1.4,28.5,18.8
2009,10,2,0,31.9,18.8
2009,10,3,0,30.3,18.1
2009,10,4,0.9,31.4,17.9
2009,10,5,1.9,32.3,17.8
2009,10,6,1.2,31.7,19.3
2009,10,7,0,30.9,20.5
2009,10,8,0,30.8,19.1
2009,10,9,0.3,30.6,19.4
2009,10,10,5,28,17.1
2009,10,11,3.8,30.6,18.8
2009,10,12,0,28.8,20.1
2009,10,13,0,30.1,17.9
2009,10,14,0,30.1,19.5
2009,10,15,0,30.6,17.7
2009,10,16,6.3,29,19.1
2009,10,17,17.1,26.9,17.7
2009,10,18,9.4,20.5,17.5
2009,10,19,0.6,20.5,13.9
2009,10,20,0,24.8,13.1
2009,10,21,0,29.6,15.7
2009,10,22,13.4,31.7,16.8
2009,10,23,4.3,29,18.9
2009,10,24,7.4,27.3,18.7
2009,10,25,0,29.1,18.1
2009,10,26,1.1,29.8,15.8
2009,10,27,3.6,28.3,18.7
2009,10,28,0.7,29.8,18.5
2009,10,29,4.9,29.6,18.8
2009,10,30,8.7,30.3,17.5
2009,10,31,3.4,26.4,17.5
2009,11,1,13.6,27.2,17.2
2009,11,2,18.2,23.9,18.4
2009,11,3,10.5,20.8,15.9
2009,11,4,16.1,22.2,16.2
2009,11,5,20,20.3,15.8
2009,11,6,3.1,21.4,16.4
2009,11,7,2.6,26.4,16.2
2009,11,8,2.2,27.5,17.3
2009,11,9,8,25.6,17.4
2009,11,10,5.2,22.8,15.7
2009,11,11,5.4,24.3,16.1
2009,11,12,0,22.3,15.8
2009,11,13,0,24.8,13
2009,11,14,0,28,14.4
2009,11,15,0,29.6,15.3
2009,11,16,1.4,28.5,15.2
2009,11,17,0,27.5,15.9
2009,11,18,0,26.2,15.1
2009,11,19,0,25.6,13.4
2009,11,20,0,29.6,13.6
2009,11,21,0,29.1,16.7
2009,11,22,0,28,16.8
2009,11,23,0,28.3,15
2009,11,24,0,25.4,14.1
2009,11,25,1.8,28,16
2009,11,26,12.5,25,17
2009,11,27,1.1,22.2,15.3
2009,11,28,0,25.1,13.6
2009,11,29,0,28.2,14.2
2009,11,30,0,28.1,16.6
2009,12,1,0,29.4,15.9
2009,12,2,0,30.6,15.4
2009,12,3,0,29.3,17.4
2009,12,4,1.4,27.4,15.5
2009,12,5,4.7,24,16.5
2009,12,6,0,28.5,17.3
2009,12,7,0,29.2,16.8
2009,12,8,0,30.2,15.7
2009,12,9,0,30.4,16.8
2009,12,10,0.4,27.7,14.2
2009,12,11,1.7,28.3,15.5
2009,12,12,0,27.7,17.5
2009,12,13,0.2,27.3,16.5
2009,12,14,1.6,27.6,16.9
2009,12,15,1.6,25.5,16.9
2009,12,16,0.6,25.3,15.8
2009,12,17,0.2,25.3,17.6
2009,12,18,2.8,23.2,15.7
2009,12,19,22.4,21,16.2
2009,12,20,17.8,18.1,15.3
2009,12,21,4.2,19.3,13.6
2009,12,22,0,25.2,13.9
2009,12,23,0,28.8,14
2009,12,24,0,26.9,14.7
2009,12,25,0,27.2,13.6
2009,12,26,0,28.3,14.6
2009,12,27,0,27.7,14.4
2009,12,28,13.7,23.7,16.3
2009,12,29,1.1,25.3,15.4
2009,12,30,1.3,26.3,16.8
2009,12,31,5.8,23.7,16.7
2010,1,1,27.5,23.9,15
2010,1,2,5,17.6,16.6
2010,1,3,1,20.5,14.7
2010,1,4,4.6,18.7,15
2010,1,5,5.4,18.2,14.3
2010,1,6,0.3,18.4,13.8
2010,1,7,0,22.8,11.4
2010,1,8,0.9,20.2,13.1
2010,1,9,2.6,16.6,14.3
2010,1,10,5.6,14.9,12.8
2010,1,11,0,16.6,11.2
2010,1,12,0.8,16,9.9
2010,1,13,0.3,19.2,11.5
2010,1,14,0,25.9,12.9
2010,1,15,0,27.4,14.8
2010,1,16,0.6,29.5,15.2
2010,1,17,0,24.8,12.7
2010,1,18,0,26.8,15.2
2010,1,19,0,28.7,14.2
2010,1,20,0,31.1,13.4
2010,1,21,0,31.7,13.2
2010,1,22,0,32.5,12.9
2010,1,23,0,33.5,13.5
2010,1,24,0,33.3,15.1
2010,1,25,0,24,15.1
2010,1,26,0.7,26.9,15
2010,1,27,0,24.3,17.4
2010,1,28,0,25.4,14.6
2010,1,29,0,27.5,15.8
2010,1,30,4.1,23.7,16.3
2010,1,31,2,21.6,15.1
2010,2,1,0.9,25.3,14.7
2010,2,2,0.5,26.9,16.9
2010,2,3,0,27,18.1
2010,2,4,0,30.9,17.4
2010,2,5,0.6,29.6,17.5
2010,2,6,0.9,23.9,16.8
2010,2,7,0,27.6,16.3
2010,2,8,0,29.7,17.1
2010,2,9,1,28.9,15.4
2010,2,10,2.3,23.7,15.2
2010,2,11,0,27.2,17.7
2010,2,12,0.3,24.5,15.9
2010,2,13,0.9,20.3,13.2
2010,2,14,0,28,14.1
2010,2,15,1.1,25.6,16.2
2010,2,16,0.1,21.6,13.8
2010,2,17,2.8,20,14.4
2010,2,18,0.6,21.9,13.7
2010,2,19,0,25.3,15.5
2010,2,20,0,29,15.7
2010,2,21,0,31.2,16.5
2010,2,22,0,31.3,15.4
2010,2,23,0,30.3,16.5
2010,2,24,1.1,22.7,15
2010,2,25,0,23.2,12.3
2010,2,26,0,31.7,12.7
2010,2,27,0,24.6,15.6
2010,2,28,0.4,28.2,15.7
2010,3,1,0,29.7,15
2010,3,2,0.6,21.6,15
2010,3,3,0,24.4,13.5
2010,3,4,0.3,24.6,17.1
2010,3,5,0,25.1,14.3
2010,3,6,0,26.4,13.9
2010,3,7,0,26.1,17.4
2010,3,8,0,30.7,13.5
2010,3,9,0,31.9,16
2010,3,10,0,34.2,16.3
2010,3,11,0,34.9,15.9
2010,3,12,0,32,17.2
2010,3,13,0,31.8,16.2
2010,3,14,0,32.3,14.9
2010,3,15,0,31.9,17.4
2010,3,16,8.1,29.5,17.6
2010,3,17,2.8,26.8,15.9
2010,3,18,3.5,26,15.2
2010,3,19,0,28.8,15.8
2010,3,20,0.4,32.6,15.3
2010,3,21,0.8,25.1,18
2010,3,22,0.3,24.8,14.7
2010,3,23,0,31.7,15.8
2010,3,24,0,32.2,16.8
2010,3,25,0,33.2,16.5
2010,3,26,0,27.6,18.7
2010,3,27,0,32.5,16.6
2010,3,28,9.2,32.2,17.6
2010,3,29,0.6,25.4,17.3
2010,3,30,0,28.5,15.3
2010,3,31,1.7,30.6,15.7
2010,4,1,0.6,31.8,16.4
2010,4,2,8.7,33.5,17.6
2010,4,3,1.3,33,18.8
2010,4,4,0.6,30.9,18.1
2010,4,5,0.4,29.7,18
2010,4,6,1.1,30.5,17.2
2010,4,7,0,35.3,18
2010,4,8,1.4,31.6,18.5
2010,4,9,13.7,30.6,16.7
2010,4,10,0,30.1,18.2
2010,4,11,0,29.8,17.1
2010,4,12,9.9,29.3,16.6
2010,4,13,8.6,26.9,16.5
2010,4,14,1.7,29.1,17.3
2010,4,15,5.5,30.6,17.3
2010,4,16,5.7,29.1,16.4
2010,4,17,0.9,29.8,16.9
2010,4,18,1.6,30.4,17
2010,4,19,0.7,32.3,18
2010,4,20,0.3,32.5,18.2
2010,4,21,0,32.2,18.9
2010,4,22,7.3,33.3,18.8
2010,4,23,2.7,35.5,19
2010,4,24,10.2,37,19.1
2010,4,25,0,33.6,18.4
2010,4,26,16.5,33,18.1
2010,4,27,7.2,34.7,19.8
2010,4,28,18.5,30.1,18.6
2010,4,29,9.2,32.8,17.4
2010,4,30,1.4,34.8,18
2010,5,1,0,36.1,19
2010,5,2,0,35.2,19.8
2010,5,3,0,33.9,19.3
2010,5,4,4.7,29.8,16.8
2010,5,5,0,31.8,17.3
2010,5,6,0,34,16.4
2010,5,7,0,34.3,17.4
2010,5,8,1.2,33,18.3
2010,5,9,0,32.1,19.1
2010,5,10,0,32.8,17.8
2010,5,11,0,32.1,16.3
2010,5,12,1.4,32.6,17.6
2010,5,13,0,32.3,17.7
2010,5,14,8.9,31.4,18.7
2010,5,15,3.8,30.9,19.4
2010,5,16,12.2,30.5,18.8
2010,5,17,11.7,29.3,18.4
2010,5,18,4.6,30.4,18.8
2010,5,19,15.7,34.4,18.6
2010,5,20,0.3,32.8,19.9
2010,5,21,0,31.4,17.4
2010,5,22,11.3,31.9,18.3
2010,5,23,6.7,32.5,19.6
2010,5,24,9.7,32.8,19.1
2010,5,25,5.2,32.5,18.2
2010,5,26,9.8,31.6,18
2010,5,27,3.3,31.7,18.3
2010,5,28,8.1,30.7,20.1
2010,5,29,6.1,31.6,20.1
2010,5,30,0,32.7,18.7
2010,5,31,0,33.3,19.8
2010,6,1,0,33.4,20.4
2010,6,2,0,34.1,19.2
2010,6,3,7,36,18.2
2010,6,4,9.9,33.2,20.7
2010,6,5,6.6,34.3,18.9
2010,6,6,0.9,33.5,19.8
2010,6,7,0,34.9,19.4
2010,6,8,0,34.4,19.8
2010,6,9,1.4,33,19
2010,6,10,11.8,31.3,18.9
2010,6,11,2.4,31.8,18
2010,6,12,3,30.3,17.2
2010,6,13,8.3,26.5,18.2
2010,6,14,25.8,28.2,18.8
2010,6,15,20.4,27.7,16.5
2010,6,16,15.1,28.5,18.4
2010,6,17,1.9,30.1,17.1
2010,6,18,0.6,28.5,17.1
2010,6,19,15.5,29.6,18.2
2010,6,20,2,29.2,19.2
2010,6,21,1.1,30.9,19.4
2010,6,22,2.6,30.5,19.2
2010,6,23,0.8,29.4,20.6
2010,6,24,4.8,30,19.1
2010,6,25,19.6,28.4,19.8
2010,6,26,27.4,28.7,18.9
2010,6,27,41.4,23.9,20.2
2010,6,28,4.4,26.4,18.4
2010,6,29,7.9,29.5,19.7
2010,6,30,0.2,28.5,19.4
2010,7,1,2.7,33.3,18.4
2010,7,2,0.3,34.8,19.7
2010,7,3,17.2,33.4,18.5
2010,7,4,24.5,32.1,20.1
2010,7,5,28.2,31,19.8
2010,7,6,11,31.6,19.6
2010,7,7,22.5,29.8,19.6
2010,7,8,30.8,28,20.4
2010,7,9,28.2,28,19
2010,7,10,1.2,27.2,19.1
2010,7,11,14.1,27,19
2010,7,12,6.4,28.8,18.7
2010,7,13,15.2,29.1,19
2010,7,14,0,30.8,19.6
2010,7,15,0.7,29.7,18.5
2010,7,16,7.6,28,18.1
2010,7,17,27.8,27.4,18.5
2010,7,18,27,29.3,18.9
2010,7,19,31.6,28.6,19
2010,7,20,44.3,29.4,18.8
2010,7,21,18.3,28.3,18.4
2010,7,22,19.6,30.6,19.2
2010,7,23,14.5,30.1,19.2
2010,7,24,2.6,29.4,19
2010,7,25,16.3,30.1,18.9
2010,7,26,12.6,29.2,18.8
2010,7,27,5.5,27.7,19.2
2010,7,28,0.2,31.7,18.2
2010,7,29,2.8,29.3,19.6
2010,7,30,22.2,28.2,19.4
2010,7,31,6.3,29,18.7
2010,8,1,22,29.6,18.5
2010,8,2,20.4,29.9,19.2
2010,8,3,30.3,27.2,20.1
2010,8,4,34.7,25.6,19.2
2010,8,5,9.7,29.3,18.1
2010,8,6,2.9,30.1,20.2
2010,8,7,1.4,29.3,19
2010,8,8,3.3,31.5,19.9
2010,8,9,7,32,19.6
2010,8,10,3.7,31.4,18.5
2010,8,11,20.3,29.8,20.5
2010,8,12,14.4,30.6,19
2010,8,13,0,30.6,19.6
2010,8,14,2.3,31.7,18.3
2010,8,15,36.9,28.8,20.1
2010,8,16,30,30.4,19.4
2010,8,17,2.3,28,20.4
2010,8,18,30.1,29.9,18.8
2010,8,19,19.9,28.4,18.2
2010,8,20,30.9,26.4,19.2
2010,8,21,27,27.2,19.6
2010,8,22,31.8,28.7,17.5
2010,8,23,9.8,28.8,18.7
2010,8,24,35.9,30.1,19.5
2010,8,25,27.3,28.5,20.3
2010,8,26,34.7,28.4,19.3
2010,8,27,11.2,29,18.7
2010,8,28,4.6,29,20.4
2010,8,29,25.4,29.7,21
2010,8,30,8,29,20.5
2010,8,31,18.4,29,19.2
2010,9,1,29,28.5,18.6
2010,9,2,12.4,27,19
2010,9,3,1.2,26.4,19.6
2010,9,4,3.6,28.4,19
2010,9,5,1.8,31.5,19.2
2010,9,6,25,31.5,19.2
2010,9,7,1.1,30.1,20.1
2010,9,8,13.5,29.6,19.4
2010,9,9,19,30.5,19.4
2010,9,10,8.1,29.2,19.4
2010,9,11,14.4,29.8,19.9
2010,9,12,25,29.1,18.7
2010,9,13,11.8,28.3,19.7
2010,9,14,5.2,28,19.6
2010,9,15,1.1,28.1,18.8
2010,9,16,15.1,29.2,19.4
2010,9,17,10.1,30.6,20.4
2010,9,18,4.5,30,19.6
2010,9,19,7.5,29.6,18.8
2010,9,20,7.9,30.1,19.3
2010,9,21,0,29.3,19.7
2010,9,22,11.2,30.2,18.6
2010,9,23,31.5,28.9,19.6
2010,9,24,19.1,26.4,19.4
2010,9,25,114.5,25.9,18.6
2010,9,26,4,27.2,18.8
2010,9,27,4.2,27.9,19.5
2010,9,28,30.7,26.6,19.7
2010,9,29,5,26.2,18.9
2010,9,30,0,26.7,18.4
2010,10,1,0.3,26.2,18.4
2010,10,2,0,27.3,17.5
2010,10,3,0.6,26.9,16.5
2010,10,4,0,25.1,17.5
2010,10,5,0.3,25.4,15.6
2010,10,6,0,24,15.9
2010,10,7,0,25.2,14.5
2010,10,8,0.3,25.6,13.4
2010,10,9,0,26.4,15.7
2010,10,10,0,27.5,13.5
2010,10,11,0,28.7,14.4
2010,10,12,3,26.9,15.5
2010,10,13,0.3,23.2,15.2
2010,10,14,0.6,23.5,15
2010,10,15,0,27.3,14.1
2010,10,16,0.9,27.6,15.1
2010,10,17,0,27.7,16.7
2010,10,18,0.3,27.9,17
2010,10,19,0,28.4,16.7
2010,10,20,0,28.5,17.5
2010,10,21,0,28.1,16.8
2010,10,22,0,28.8,16.8
2010,10,23,0,27.7,16.6
2010,10,24,2.9,28.8,16.1
2010,10,25,3.9,29.1,18.4
2010,10,26,19.1,31.1,17.8
2010,10,27,0.6,29,18.1
2010,10,28,19.1,27.2,18.2
2010,10,29,2,26.1,17.1
2010,10,30,1.9,27.5,18.4
2010,10,31,0.5,26.8,18.1
2010,11,1,0,27.5,16.3
2010,11,2,16.8,27.7,17.2
2010,11,3,7.3,24.8,15.9
2010,11,4,1.7,22.5,14.4
2010,11,5,2.2,17.1,13.3
2010,11,6,2.9,18.6,12.5
2010,11,7,0.8,16.8,12.4
2010,11,8,0,22.1,11.4
2010,11,9,0,21.9,13.2
2010,11,10,0,25.1,13.8
2010,11,11,0,27,14.1
2010,11,12,1.8,23.1,15.5
2010,11,13,1.1,26.1,14.7
2010,11,14,0.3,26.2,15.8
2010,11,15,0,28.8,14
2010,11,16,0,29.3,15.2
2010,11,17,0.9,27.4,15.7
2010,11,18,24,24.7,17
2010,11,19,20.9,22,16
2010,11,20,16.5,20.5,15.7
2010,11,21,4.8,23.3,17.2
2010,11,22,0.3,25.6,15.8
2010,11,23,0,25.6,16.4
2010,11,24,0.4,26.9,16
2010,11,25,0,28.5,15.9
2010,11,26,0,29.5,15.5
2010,11,27,0,25.6,17
2010,11,28,0.3,27.8,17.1
2010,11,29,0,29.8,16.5
2010,11,30,23.4,29,17.7
2010,12,1,18.9,20.1,17.9
2010,12,2,1,21.6,14.8
2010,12,3,0.4,20.5,16.5
2010,12,4,0,22.7,14.8
2010,12,5,0.6,24.8,13.4
2010,12,6,0,22.3,15.2
2010,12,7,0,25.4,14.8
2010,12,8,0,25,13
2010,12,9,0,21.8,13.8
2010,12,10,1,23.9,12.6
2010,12,11,0.4,24.6,11.6
2010,12,12,0,25,12.8
2010,12,13,0.4,22.3,12.5
2010,12,14,0,22.1,13.8
2010,12,15,0,23.3,12.8
2010,12,16,0,27.5,11.4
2010,12,17,0,29.3,12.9
2010,12,18,0,26.2,13.1
2010,12,19,0,27.6,13.2
2010,12,20,0,28,13.6
2010,12,21,0,28.7,12.9
2010,12,22,0,26,13.1
2010,12,23,0,23.1,13.9
2010,12,24,0,26.2,12.1
2010,12,25,0.8,25.6,12.5
2010,12,26,0.2,21,12.2
2010,12,27,0,19.9,13.7
2010,12,28,0,24.5,11.4
2010,12,29,0,26.1,13
2010,12,30,0,31.1,14.1
2010,12,31,0,31.9,16
